1 0.749706030573
2 0.747624396786
3 0.616165147736
4 0.728627394716
5 0.605953778231
6 0.711165823796
7 0.600842153626
8 0.708298189307
9 0.597047933553
10 0.707082722914
11 0.638228737418
12 0.6260444501
13 0.614118312337
14 0.615280898876
15 0.617582980905
16 0.610858063032
17 0.598250424337
18 0.614184008762
19 0.606327543424
20 0.616881028939
21 0.620951619352
22 0.626451765821
23 0.617848343827
24 0.627420842299
25 0.645556690501
26 0.639259259259
27 0.6199276818
28 0.64821964822
29 0.634090909091
30 0.64630071599
31 0.640562248996
32 0.623622047244
33 0.631550218341
34 0.63877897117
35 0.642395772167
36 0.629742962056
37 0.664536741214
38 0.643844634628
39 0.653269754768
40 0.632840028189
41 0.636560693642
42 0.644922164566
43 0.656273764259
44 0.645817044566
45 0.63178913738
46 0.636511817441
47 0.647108130763
48 0.641135972461
49 0.676936619718
50 0.628959276018
51 0.611884865367
52 0.653883029722
53 0.6201171875
54 0.638085742772
55 0.644308943089
56 0.631578947368
57 0.629822732013
58 0.670912951168
59 0.613710554951
60 0.688470066519
61 0.64606741573
62 0.659746251442
63 0.648711943794
64 0.655172413793
65 0.641395908544
66 0.625152625153
67 0.694684796044
68 0.622027534418
69 0.650693568726
70 0.635204081633
71 0.670967741935
72 0.626788036411
73 0.669736842105
74 0.633821571238
75 0.701072386059
76 0.644504748982
77 0.673582295989
78 0.633704735376
79 0.643661971831
80 0.643971631206
81 0.643266475645
82 0.653179190751
83 0.678779069767
84 0.658788774003
85 0.653213751868
86 0.652173913043
87 0.660606060606
88 0.661042944785
89 0.671802773498
90 0.639751552795
91 0.664050235479
92 0.676145339652
93 0.643769968051
94 0.647909967846
95 0.64829821718
96 0.646481178396
97 0.656765676568
98 0.659468438538
99 0.665551839465
100 0.670588235294
101 0.677966101695
102 0.681355932203
103 0.688245315162
104 0.628424657534
105 0.686206896552
106 0.674216027875
107 0.69527145359
108 0.650176678445
109 0.674955595027
110 0.657142857143
111 0.660682226212
112 0.649819494585
113 0.678181818182
114 0.699453551913
115 0.654478976234
116 0.645871559633
117 0.642725598527
118 0.678966789668
119 0.600371747212
120 0.715083798883
121 0.649155722326
122 0.676691729323
123 0.684310018904
124 0.664761904762
125 0.666666666667
126 0.653021442495
127 0.655577299413
128 0.70137524558
129 0.638170974155
130 0.694779116466
131 0.661943319838
132 0.67139959432
133 0.644308943089
134 0.675510204082
135 0.650826446281
136 0.695020746888
137 0.6589958159
138 0.628691983122
139 0.659574468085
140 0.69164882227
141 0.659482758621
142 0.63557483731
143 0.645514223195
144 0.653421633554
145 0.652654867257
146 0.680709534368
147 0.702460850112
148 0.647855530474
149 0.668181818182
150 0.684931506849
151 0.645161290323
152 0.688372093023
153 0.668224299065
154 0.665882352941
155 0.646226415094
156 0.665083135392
157 0.657142857143
158 0.635491606715
159 0.665060240964
160 0.673123486683
161 0.643902439024
162 0.691931540342
163 0.611246943765
164 0.658476658477
165 0.662561576355
166 0.679802955665
167 0.664197530864
168 0.643564356436
169 0.665835411471
170 0.613466334165
171 0.669191919192
172 0.622448979592
173 0.710997442455
174 0.691516709512
175 0.645994832041
176 0.6953125
177 0.668407310705
178 0.656167979003
179 0.666666666667
180 0.664907651715
181 0.683377308707
182 0.638522427441
183 0.675531914894
184 0.625668449198
185 0.637096774194
186 0.654986522911
187 0.659459459459
188 0.655826558266
189 0.66485013624
190 0.641095890411
191 0.687845303867
192 0.694444444444
193 0.709497206704
194 0.595505617978
195 0.641242937853
196 0.644886363636
197 0.646551724138
198 0.655072463768
199 0.67055393586
200 0.695266272189
201 0.632047477745
202 0.616071428571
203 0.707462686567
204 0.680722891566
205 0.642424242424
206 0.686930091185
207 0.653495440729
208 0.661585365854
209 0.661585365854
210 0.680981595092
211 0.62962962963
212 0.683229813665
213 0.649068322981
214 0.6375
215 0.669811320755
216 0.641509433962
217 0.709779179811
218 0.660317460317
219 0.687898089172
220 0.608280254777
221 0.717948717949
222 0.61858974359
223 0.72347266881
224 0.665594855305
225 0.642857142857
226 0.624183006536
227 0.668852459016
228 0.67868852459
229 0.637873754153
230 0.680134680135
231 0.670033670034
232 0.635135135135
233 0.666666666667
234 0.654109589041
235 0.672413793103
236 0.636678200692
237 0.606271777003
238 0.62676056338
239 0.733096085409
240 0.681003584229
241 0.635379061372
242 0.63768115942
243 0.607272727273
244 0.672727272727
245 0.627737226277
246 0.623134328358
247 0.690566037736
248 0.655303030303
249 0.655303030303
250 0.664122137405
251 0.632183908046
252 0.662835249042
253 0.646153846154
254 0.675675675676
255 0.650980392157
256 0.682352941176
257 0.635294117647
258 0.629921259843
259 0.658634538153
260 0.663967611336
261 0.707317073171
262 0.654471544715
263 0.668032786885
264 0.687242798354
265 0.683333333333
266 0.728033472803
267 0.647058823529
268 0.64135021097
269 0.645569620253
270 0.648305084746
271 0.677966101695
272 0.705128205128
273 0.669527896996
274 0.709956709957
275 0.636363636364
276 0.676855895197
277 0.69298245614
278 0.706140350877
279 0.605263157895
280 0.640350877193
281 0.669603524229
282 0.629955947137
283 0.721238938053
284 0.688888888889
285 0.613333333333
286 0.675675675676
287 0.574660633484
288 0.68778280543
289 0.674311926606
290 0.623853211009
291 0.697247706422
292 0.678899082569
293 0.6866359447
294 0.641860465116
295 0.728971962617
296 0.593457943925
297 0.654205607477
298 0.657276995305
299 0.643192488263
300 0.655660377358
301 0.641509433962
302 0.655660377358
303 0.665094339623
304 0.620853080569
305 0.701421800948
306 0.635071090047
307 0.614285714286
308 0.680952380952
309 0.62380952381
310 0.698564593301
311 0.650717703349
312 0.641148325359
313 0.668269230769
314 0.697115384615
315 0.63768115942
316 0.63768115942
317 0.668292682927
318 0.618811881188
319 0.651515151515
320 0.611111111111
321 0.604060913706
322 0.670103092784
323 0.639175257732
324 0.647668393782
325 0.689119170984
326 0.583333333333
327 0.682291666667
328 0.589473684211
329 0.668449197861
330 0.652406417112
331 0.609625668449
332 0.668449197861
333 0.631016042781
334 0.631016042781
335 0.672043010753
336 0.648648648649
337 0.625
338 0.690217391304
339 0.652173913043
340 0.690217391304
341 0.663043478261
342 0.732240437158
343 0.60989010989
344 0.688888888889
345 0.688888888889
346 0.677777777778
347 0.716666666667
348 0.655555555556
349 0.661111111111
350 0.659217877095
351 0.709497206704
352 0.636363636364
353 0.664772727273
354 0.685714285714
355 0.72
356 0.628571428571
357 0.64367816092
358 0.686046511628
359 0.705882352941
360 0.662721893491
361 0.656804733728
362 0.694610778443
363 0.698795180723
364 0.71686746988
365 0.71686746988
366 0.678787878788
367 0.693251533742
368 0.631901840491
369 0.70987654321
370 0.621118012422
371 0.67701863354
372 0.572327044025
373 0.620253164557
374 0.707006369427
375 0.624203821656
376 0.714285714286
377 0.642857142857
378 0.681818181818
379 0.636363636364
380 0.74025974026
381 0.61038961039
382 0.732026143791
383 0.649006622517
384 0.68
385 0.695945945946
386 0.646258503401
387 0.63698630137
388 0.675862068966
389 0.666666666667
390 0.638888888889
391 0.713286713287
392 0.621428571429
393 0.697841726619
394 0.625899280576
395 0.585185185185
396 0.681481481481
397 0.60447761194
398 0.679104477612
399 0.701492537313
400 0.694029850746
401 0.706766917293
402 0.593984962406
403 0.661654135338
404 0.661654135338
405 0.669172932331
406 0.676691729323
407 0.661654135338
408 0.706766917293
409 0.687022900763
410 0.641221374046
411 0.702290076336
412 0.569230769231
413 0.692307692308
414 0.7
415 0.643410852713
416 0.6640625
417 0.6875
418 0.661417322835
419 0.692913385827
420 0.614173228346
421 0.714285714286
422 0.68253968254
423 0.619047619048
424 0.696
425 0.688
426 0.6
427 0.624
428 0.688
429 0.648
430 0.584
431 0.774193548387
432 0.629032258065
433 0.685483870968
434 0.620967741935
435 0.645161290323
436 0.693548387097
437 0.653225806452
438 0.682926829268
439 0.634146341463
440 0.634146341463
441 0.617886178862
442 0.674796747967
443 0.674796747967
444 0.696721311475
445 0.704918032787
446 0.636363636364
447 0.677685950413
448 0.603305785124
449 0.644628099174
450 0.694214876033
451 0.652892561983
452 0.669421487603
453 0.708333333333
454 0.669491525424
455 0.745762711864
456 0.652542372881
457 0.683760683761
458 0.57264957265
459 0.692307692308
460 0.655172413793
461 0.686956521739
462 0.591304347826
463 0.59649122807
464 0.631578947368
465 0.614035087719
466 0.710526315789
467 0.614035087719
468 0.640350877193
469 0.614035087719
470 0.646017699115
471 0.654867256637
472 0.619469026549
473 0.678571428571
474 0.675675675676
475 0.609090909091
476 0.681818181818
477 0.618181818182
478 0.709090909091
479 0.663636363636
480 0.681818181818
481 0.627272727273
482 0.727272727273
483 0.554545454545
484 0.681818181818
485 0.703703703704
486 0.648148148148
487 0.675925925926
488 0.648148148148
489 0.685185185185
490 0.654205607477
491 0.607476635514
492 0.654205607477
493 0.660377358491
494 0.632075471698
495 0.619047619048
496 0.590476190476
497 0.666666666667
498 0.590476190476
499 0.666666666667
500 0.67619047619
501 0.685714285714
502 0.640776699029
503 0.669902912621
504 0.578431372549
505 0.696078431373
506 0.676470588235
507 0.647058823529
508 0.627450980392
509 0.607843137255
510 0.686274509804
511 0.598039215686
512 0.663366336634
513 0.65
514 0.63
515 0.66
516 0.67
517 0.59595959596
518 0.575757575758
519 0.714285714286
520 0.618556701031
521 0.690721649485
522 0.659793814433
523 0.635416666667
524 0.553191489362
525 0.670212765957
526 0.627659574468
527 0.627659574468
528 0.670212765957
529 0.595744680851
530 0.723404255319
531 0.648936170213
532 0.712765957447
533 0.670212765957
534 0.63829787234
535 0.659574468085
536 0.659574468085
537 0.648936170213
538 0.606382978723
539 0.617021276596
540 0.712765957447
541 0.702127659574
542 0.627659574468
543 0.648936170213
544 0.712765957447
545 0.645161290323
546 0.666666666667
547 0.612903225806
548 0.612903225806
549 0.731182795699
550 0.623655913978
551 0.655913978495
552 0.717391304348
553 0.739130434783
554 0.630434782609
555 0.70652173913
556 0.619565217391
557 0.728260869565
558 0.619565217391
559 0.586956521739
560 0.684782608696
561 0.651685393258
562 0.613636363636
563 0.613636363636
564 0.689655172414
565 0.712643678161
566 0.662790697674
567 0.662790697674
568 0.627906976744
569 0.662790697674
570 0.639534883721
571 0.651162790698
572 0.717647058824
573 0.729411764706
574 0.647058823529
575 0.705882352941
576 0.607142857143
577 0.614457831325
578 0.650602409639
579 0.674698795181
580 0.658536585366
581 0.62962962963
582 0.641975308642
583 0.617283950617
584 0.728395061728
585 0.62962962963
586 0.62962962963
587 0.691358024691
588 0.679012345679
589 0.679012345679
590 0.641975308642
591 0.740740740741
592 0.6375
593 0.7
594 0.6375
595 0.6375
596 0.625
597 0.65
598 0.6625
599 0.675
600 0.708860759494
601 0.658227848101
602 0.645569620253
603 0.696202531646
604 0.645569620253
605 0.589743589744
606 0.730769230769
607 0.692307692308
608 0.666666666667
609 0.636363636364
610 0.61038961039
611 0.636363636364
612 0.6
613 0.635135135135
614 0.648648648649
615 0.72972972973
616 0.675675675676
617 0.621621621622
618 0.675675675676
619 0.716216216216
620 0.702702702703
621 0.72972972973
622 0.702702702703
623 0.739726027397
624 0.671232876712
625 0.602739726027
626 0.739726027397
627 0.630136986301
628 0.657534246575
629 0.58904109589
630 0.616438356164
631 0.684931506849
632 0.72602739726
633 0.684931506849
634 0.72602739726
635 0.616438356164
636 0.671232876712
637 0.575342465753
638 0.780821917808
639 0.638888888889
640 0.722222222222
641 0.680555555556
642 0.638888888889
643 0.736111111111
644 0.666666666667
645 0.541666666667
646 0.722222222222
647 0.661971830986
648 0.760563380282
649 0.746478873239
650 0.840579710145
651 0.544117647059
652 0.705882352941
653 0.632352941176
654 0.617647058824
655 0.582089552239
656 0.686567164179
657 0.530303030303
658 0.727272727273
659 0.590909090909
660 0.681818181818
661 0.560606060606
662 0.80303030303
663 0.636363636364
664 0.666666666667
665 0.69696969697
666 0.681818181818
667 0.69696969697
668 0.69696969697
669 0.671875
670 0.71875
671 0.671875
672 0.6875
673 0.765625
674 0.53125
675 0.703125
676 0.65625
677 0.625
678 0.634920634921
679 0.650793650794
680 0.68253968254
681 0.758064516129
682 0.661290322581
683 0.612903225806
684 0.693548387097
685 0.693548387097
686 0.661290322581
687 0.725806451613
688 0.709677419355
689 0.741935483871
690 0.645161290323
691 0.661290322581
692 0.725806451613
693 0.622950819672
694 0.683333333333
695 0.566666666667
696 0.716666666667
697 0.633333333333
698 0.75
699 0.633333333333
700 0.7
701 0.65
702 0.733333333333
703 0.583333333333
704 0.666666666667
705 0.716666666667
706 0.661016949153
707 0.542372881356
708 0.677966101695
709 0.593220338983
710 0.627118644068
711 0.610169491525
712 0.593220338983
713 0.71186440678
714 0.672413793103
715 0.637931034483
716 0.603448275862
717 0.637931034483
718 0.637931034483
719 0.586206896552
720 0.637931034483
721 0.568965517241
722 0.706896551724
723 0.672413793103
724 0.719298245614
725 0.678571428571
726 0.745454545455
727 0.6
728 0.6
729 0.654545454545
730 0.672727272727
731 0.709090909091
732 0.509090909091
733 0.709090909091
734 0.654545454545
735 0.781818181818
736 0.611111111111
737 0.574074074074
738 0.622641509434
739 0.679245283019
740 0.673076923077
741 0.615384615385
742 0.653846153846
743 0.653846153846
744 0.634615384615
745 0.730769230769
746 0.615384615385
747 0.692307692308
748 0.673076923077
749 0.75
750 0.705882352941
751 0.647058823529
752 0.745098039216
753 0.627450980392
754 0.764705882353
755 0.42
756 0.66
757 0.6
758 0.632653061224
759 0.816326530612
760 0.530612244898
761 0.795918367347
762 0.612244897959
763 0.551020408163
764 0.632653061224
765 0.632653061224
766 0.571428571429
767 0.612244897959
768 0.632653061224
769 0.734693877551
770 0.591836734694
771 0.65306122449
772 0.734693877551
773 0.714285714286
774 0.612244897959
775 0.673469387755
776 0.734693877551
777 0.714285714286
778 0.591836734694
779 0.571428571429
780 0.68085106383
781 0.659574468085
782 0.723404255319
783 0.68085106383
784 0.489361702128
785 0.765957446809
786 0.54347826087
787 0.673913043478
788 0.688888888889
789 0.622222222222
790 0.688888888889
791 0.555555555556
792 0.733333333333
793 0.577777777778
794 0.733333333333
795 0.555555555556
796 0.644444444444
797 0.688888888889
798 0.755555555556
799 0.6
800 0.8
801 0.622222222222
802 0.755555555556
803 0.644444444444
804 0.688888888889
805 0.511111111111
806 0.644444444444
807 0.577777777778
808 0.777777777778
809 0.6
810 0.666666666667
811 0.688888888889
812 0.555555555556
813 0.577777777778
814 0.711111111111
815 0.659090909091
816 0.604651162791
817 0.604651162791
818 0.558139534884
819 0.744186046512
820 0.604651162791
821 0.697674418605
822 0.651162790698
823 0.674418604651
824 0.720930232558
825 0.651162790698
826 0.690476190476
827 0.595238095238
828 0.658536585366
829 0.658536585366
830 0.682926829268
831 0.707317073171
832 0.560975609756
833 0.585365853659
834 0.585365853659
835 0.682926829268
836 0.682926829268
837 0.609756097561
838 0.731707317073
839 0.731707317073
840 0.512195121951
841 0.658536585366
842 0.536585365854
843 0.731707317073
844 0.585365853659
845 0.560975609756
846 0.707317073171
847 0.512195121951
848 0.780487804878
849 0.780487804878
850 0.512195121951
851 0.707317073171
852 0.682926829268
853 0.682926829268
854 0.682926829268
855 0.853658536585
856 0.609756097561
857 0.609756097561
858 0.585365853659
859 0.609756097561
860 0.707317073171
861 0.585365853659
862 0.682926829268
863 0.756097560976
864 0.707317073171
865 0.682926829268
866 0.682926829268
867 0.634146341463
868 0.585365853659
869 0.707317073171
870 0.560975609756
871 0.780487804878
872 0.658536585366
873 0.625
874 0.675
875 0.575
876 0.525
877 0.6
878 0.65
879 0.75
880 0.475
881 0.65
882 0.55
883 0.7
884 0.55
885 0.725
886 0.625
887 0.875
888 0.675
889 0.625
890 0.6
891 0.625
892 0.625
893 0.675
894 0.625
895 0.8
896 0.6
897 0.675
898 0.775
899 0.525
900 0.825
901 0.575
902 0.75
903 0.675
904 0.725
905 0.625
906 0.55
907 0.7
908 0.6
909 0.65
910 0.625
911 0.6
912 0.675
913 0.65
914 0.7
915 0.5
916 0.825
917 0.575
918 0.6
919 0.65
920 0.75
921 0.575
922 0.725
923 0.475
924 0.775
925 0.675
926 0.625
927 0.575
928 0.725
929 0.675
930 0.65
931 0.7
932 0.6
933 0.625
934 0.65
935 0.625
936 0.6
937 0.525
938 0.8
939 0.525
940 0.8
941 0.74358974359
942 0.538461538462
943 0.794871794872
944 0.538461538462
945 0.666666666667
946 0.641025641026
947 0.564102564103
948 0.615384615385
949 0.589743589744
950 0.717948717949
951 0.820512820513
952 0.538461538462
953 0.487179487179
954 0.615384615385
955 0.589743589744
956 0.615384615385
957 0.666666666667
958 0.512820512821
959 0.538461538462
960 0.692307692308
961 0.564102564103
962 0.666666666667
963 0.692307692308
964 0.589743589744
965 0.666666666667
966 0.641025641026
967 0.615384615385
968 0.717948717949
969 0.692307692308
970 0.692307692308
971 0.641025641026
972 0.641025641026
973 0.589743589744
974 0.615384615385
975 0.564102564103
976 0.717948717949
977 0.657894736842
978 0.5
979 0.684210526316
980 0.789473684211
981 0.657894736842
982 0.657894736842
983 0.815789473684
984 0.526315789474
985 0.736842105263
986 0.631578947368
987 0.684210526316
988 0.710526315789
989 0.605263157895
990 0.684210526316
991 0.648648648649
992 0.72972972973
993 0.675675675676
994 0.594594594595
995 0.694444444444
996 0.694444444444
997 0.611111111111
998 0.638888888889
999 0.75
1000 0.722222222222
1001 0.666666666667
1002 0.472222222222
1003 0.777777777778
1004 0.583333333333
1005 0.638888888889
1006 0.6
1007 0.8
1008 0.676470588235
1009 0.735294117647
1010 0.588235294118
1011 0.676470588235
1012 0.676470588235
1013 0.764705882353
1014 0.558823529412
1015 0.794117647059
1016 0.647058823529
1017 0.588235294118
1018 0.735294117647
1019 0.676470588235
1020 0.617647058824
1021 0.617647058824
1022 0.735294117647
1023 0.588235294118
1024 0.617647058824
1025 0.647058823529
1026 0.529411764706
1027 0.705882352941
1028 0.617647058824
1029 0.588235294118
1030 0.735294117647
1031 0.617647058824
1032 0.735294117647
1033 0.705882352941
1034 0.647058823529
1035 0.617647058824
1036 0.676470588235
1037 0.735294117647
1038 0.558823529412
1039 0.636363636364
1040 0.848484848485
1041 0.5625
1042 0.65625
1043 0.6875
1044 0.59375
1045 0.78125
1046 0.53125
1047 0.5625
1048 0.6875
1049 0.625
1050 0.78125
1051 0.6875
1052 0.75
1053 0.5
1054 0.8125
1055 0.59375
1056 0.5625
1057 0.78125
1058 0.625
1059 0.5625
1060 0.6875
1061 0.78125
1062 0.65625
1063 0.71875
1064 0.46875
1065 0.78125
1066 0.5625
1067 0.75
1068 0.6875
1069 0.59375
1070 0.75
1071 0.65625
1072 0.53125
1073 0.5625
1074 0.625
1075 0.75
1076 0.6875
1077 0.8125
1078 0.625
1079 0.625
1080 0.625
1081 0.71875
1082 0.65625
1083 0.625
1084 0.875
1085 0.625
1086 0.8125
1087 0.625
1088 0.75
1089 0.75
1090 0.65625
1091 0.625
1092 0.75
1093 0.53125
1094 0.8125
1095 0.59375
1096 0.78125
1097 0.78125
1098 0.625
1099 0.6875
1100 0.75
1101 0.625
1102 0.71875
1103 0.625
1104 0.75
1105 0.6875
1106 0.8125
1107 0.59375
1108 0.53125
1109 0.6875
1110 0.6875
1111 0.75
1112 0.75
1113 0.65625
1114 0.59375
1115 0.6875
1116 0.46875
1117 0.71875
1118 0.59375
1119 0.71875
1120 0.625
1121 0.5625
1122 0.71875
1123 0.65625
1124 0.75
1125 0.78125
1126 0.65625
1127 0.625
1128 0.6875
1129 0.4375
1130 0.84375
1131 0.625
1132 0.5625
1133 0.53125
1134 0.65625
1135 0.5625
1136 0.65625
1137 0.6875
1138 0.59375
1139 0.71875
1140 0.5625
1141 0.71875
1142 0.65625
1143 0.71875
1144 0.6875
1145 0.71875
1146 0.625
1147 0.71875
1148 0.625
1149 0.5625
1150 0.75
1151 0.612903225806
1152 0.612903225806
1153 0.58064516129
1154 0.645161290323
1155 0.709677419355
1156 0.483870967742
1157 0.774193548387
1158 0.677419354839
1159 0.516129032258
1160 0.838709677419
1161 0.677419354839
1162 0.774193548387
1163 0.58064516129
1164 0.741935483871
1165 0.58064516129
1166 0.645161290323
1167 0.612903225806
1168 0.677419354839
1169 0.645161290323
1170 0.58064516129
1171 0.677419354839
1172 0.774193548387
1173 0.741935483871
1174 0.612903225806
1175 0.677419354839
1176 0.741935483871
1177 0.741935483871
1178 0.645161290323
1179 0.677419354839
1180 0.483870967742
1181 0.677419354839
1182 0.677419354839
1183 0.677419354839
1184 0.677419354839
1185 0.709677419355
1186 0.58064516129
1187 0.741935483871
1188 0.677419354839
1189 0.645161290323
1190 0.741935483871
1191 0.645161290323
1192 0.709677419355
1193 0.483870967742
1194 0.838709677419
1195 0.709677419355
1196 0.677419354839
1197 0.612903225806
1198 0.645161290323
1199 0.612903225806
1200 0.612903225806
1201 0.774193548387
1202 0.741935483871
1203 0.677419354839
1204 0.838709677419
1205 0.548387096774
1206 0.612903225806
1207 0.709677419355
1208 0.709677419355
1209 0.612903225806
1210 0.612903225806
1211 0.838709677419
1212 0.838709677419
1213 0.58064516129
1214 0.6
1215 0.7
1216 0.6
1217 0.6
1218 0.766666666667
1219 0.566666666667
1220 0.633333333333
1221 0.633333333333
1222 0.633333333333
1223 0.666666666667
1224 0.633333333333
1225 0.7
1226 0.8
1227 0.566666666667
1228 0.7
1229 0.433333333333
1230 0.8
1231 0.533333333333
1232 0.766666666667
1233 0.533333333333
1234 0.666666666667
1235 0.733333333333
1236 0.666666666667
1237 0.724137931034
1238 0.586206896552
1239 0.642857142857
1240 0.678571428571
1241 0.642857142857
1242 0.607142857143
1243 0.678571428571
1244 0.714285714286
1245 0.607142857143
1246 0.607142857143
1247 0.75
1248 0.607142857143
1249 0.714285714286
1250 0.75
1251 0.678571428571
1252 0.75
1253 0.666666666667
1254 0.703703703704
1255 0.592592592593
1256 0.777777777778
1257 0.62962962963
1258 0.740740740741
1259 0.592592592593
1260 0.62962962963
1261 0.592592592593
1262 0.703703703704
1263 0.703703703704
1264 0.62962962963
1265 0.703703703704
1266 0.62962962963
1267 0.666666666667
1268 0.666666666667
1269 0.666666666667
1270 0.666666666667
1271 0.555555555556
1272 0.740740740741
1273 0.666666666667
1274 0.666666666667
1275 0.777777777778
1276 0.777777777778
1277 0.592592592593
1278 0.888888888889
1279 0.555555555556
1280 0.703703703704
1281 0.518518518519
1282 0.740740740741
1283 0.666666666667
1284 0.777777777778
1285 0.703703703704
1286 0.592592592593
1287 0.740740740741
1288 0.814814814815
1289 0.62962962963
1290 0.592592592593
1291 0.555555555556
1292 0.740740740741
1293 0.653846153846
1294 0.653846153846
1295 0.653846153846
1296 0.884615384615
1297 0.653846153846
1298 0.653846153846
1299 0.769230769231
1300 0.730769230769
1301 0.769230769231
1302 0.653846153846
1303 0.653846153846
1304 0.615384615385
1305 0.64
1306 0.68
1307 0.56
1308 0.64
1309 0.6
1310 0.68
1311 0.56
1312 0.76
1313 0.76
1314 0.68
1315 0.76
1316 0.6
1317 0.64
1318 0.84
1319 0.52
1320 0.72
1321 0.64
1322 0.68
1323 0.68
1324 0.68
1325 0.68
1326 0.64
1327 0.6
1328 0.8
1329 0.68
1330 0.52
1331 0.64
1332 0.56
1333 0.6
1334 0.76
1335 0.64
1336 0.8
1337 0.56
1338 0.64
1339 0.52
1340 0.75
1341 0.625
1342 0.625
1343 0.583333333333
1344 0.666666666667
1345 0.708333333333
1346 0.666666666667
1347 0.75
1348 0.666666666667
1349 0.791666666667
1350 0.625
1351 0.666666666667
1352 0.75
1353 0.625
1354 0.541666666667
1355 0.625
1356 0.625
1357 0.75
1358 0.541666666667
1359 0.666666666667
1360 0.666666666667
1361 0.75
1362 0.583333333333
1363 0.625
1364 0.625
1365 0.695652173913
1366 0.695652173913
1367 0.652173913043
1368 0.826086956522
1369 0.652173913043
1370 0.681818181818
1371 0.772727272727
1372 0.590909090909
1373 0.590909090909
1374 0.681818181818
1375 0.727272727273
1376 0.772727272727
1377 0.772727272727
1378 0.681818181818
1379 0.772727272727
1380 0.727272727273
1381 0.772727272727
1382 0.681818181818
1383 0.818181818182
1384 0.545454545455
1385 0.772727272727
1386 0.681818181818
1387 0.590909090909
1388 0.681818181818
1389 0.636363636364
1390 0.818181818182
1391 0.727272727273
1392 0.5
1393 0.727272727273
1394 0.545454545455
1395 0.636363636364
1396 0.636363636364
1397 0.636363636364
1398 0.454545454545
1399 0.772727272727
1400 0.636363636364
1401 0.636363636364
1402 0.681818181818
1403 0.590909090909
1404 0.545454545455
1405 0.636363636364
1406 0.772727272727
1407 0.5
1408 0.772727272727
1409 0.681818181818
1410 0.636363636364
1411 0.681818181818
1412 0.636363636364
1413 0.727272727273
1414 0.909090909091
1415 0.727272727273
1416 0.590909090909
1417 0.636363636364
1418 0.761904761905
1419 0.714285714286
1420 0.52380952381
1421 0.666666666667
1422 0.666666666667
1423 0.619047619048
1424 0.714285714286
1425 0.761904761905
1426 0.857142857143
1427 0.666666666667
1428 0.857142857143
1429 0.619047619048
1430 0.714285714286
1431 0.619047619048
1432 0.619047619048
1433 0.52380952381
1434 0.857142857143
1435 0.904761904762
1436 0.666666666667
1437 0.666666666667
1438 0.666666666667
1439 0.571428571429
1440 0.714285714286
1441 0.666666666667
1442 0.714285714286
1443 0.714285714286
1444 0.619047619048
1445 0.666666666667
1446 0.904761904762
1447 0.714285714286
1448 0.571428571429
1449 0.809523809524
1450 0.619047619048
1451 0.619047619048
1452 0.619047619048
1453 0.666666666667
1454 0.619047619048
1455 0.714285714286
1456 0.47619047619
1457 0.857142857143
1458 0.75
1459 0.75
1460 0.7
1461 0.65
1462 0.7
1463 0.5
1464 0.65
1465 0.65
1466 0.85
1467 0.6
1468 0.65
1469 0.75
1470 0.75
1471 0.8
1472 0.9
1473 0.45
1474 0.7
1475 0.7
1476 0.8
1477 0.8
1478 0.55
1479 0.75
1480 0.7
1481 0.6
1482 0.7
1483 0.7
1484 0.5
1485 0.8
1486 0.7
1487 0.8
1488 0.7
1489 0.75
1490 0.7
1491 0.6
1492 0.45
1493 0.6
1494 0.55
1495 0.65
1496 0.85
1497 0.65
1498 0.6
1499 0.8
1500 0.7
1501 0.7
1502 0.55
1503 0.65
1504 0.6
1505 0.8
1506 0.8
1507 0.75
1508 0.8
1509 0.6
1510 0.75
1511 0.75
1512 0.7
1513 0.8
1514 0.4
1515 0.85
1516 0.6
1517 0.8
1518 0.75
1519 0.9
1520 0.7
1521 0.7
1522 0.8
1523 0.65
1524 0.75
1525 0.65
1526 0.6
1527 0.7
1528 0.5
1529 0.75
1530 0.65
1531 0.75
1532 0.65
1533 0.55
1534 0.6
1535 0.8
1536 0.65
1537 0.8
1538 0.7
1539 0.7
1540 0.8
1541 0.65
1542 0.75
1543 0.7
1544 0.65
1545 0.75
1546 0.7
1547 0.842105263158
1548 0.578947368421
1549 0.684210526316
1550 0.631578947368
1551 0.789473684211
1552 0.684210526316
1553 0.947368421053
1554 0.736842105263
1555 0.842105263158
1556 0.842105263158
1557 0.631578947368
1558 0.736842105263
1559 0.736842105263
1560 0.789473684211
1561 0.631578947368
1562 0.842105263158
1563 0.736842105263
1564 0.684210526316
1565 0.578947368421
1566 0.736842105263
1567 0.684210526316
1568 0.684210526316
1569 0.473684210526
1570 0.578947368421
1571 0.842105263158
1572 0.789473684211
1573 0.789473684211
1574 0.736842105263
1575 0.631578947368
1576 0.736842105263
1577 0.842105263158
1578 0.684210526316
1579 0.842105263158
1580 0.722222222222
1581 0.833333333333
1582 0.666666666667
1583 0.722222222222
1584 0.722222222222
1585 0.777777777778
1586 0.777777777778
1587 0.555555555556
1588 0.722222222222
1589 0.888888888889
1590 0.666666666667
1591 0.833333333333
1592 0.5
1593 0.833333333333
1594 0.555555555556
1595 0.833333333333
1596 0.777777777778
1597 0.666666666667
1598 0.666666666667
1599 0.777777777778
1600 0.722222222222
1601 0.611111111111
1602 0.777777777778
1603 0.611111111111
1604 0.777777777778
1605 0.888888888889
1606 0.666666666667
1607 0.722222222222
1608 0.611111111111
1609 0.722222222222
1610 0.666666666667
1611 0.722222222222
1612 0.888888888889
1613 0.666666666667
1614 0.722222222222
1615 0.611111111111
1616 0.555555555556
1617 0.777777777778
1618 0.666666666667
1619 0.555555555556
1620 0.722222222222
1621 0.722222222222
1622 0.722222222222
1623 0.722222222222
1624 0.722222222222
1625 0.555555555556
1626 0.833333333333
1627 0.722222222222
1628 0.833333333333
1629 0.722222222222
1630 0.611111111111
1631 0.888888888889
1632 0.666666666667
1633 0.666666666667
1634 0.722222222222
1635 0.611111111111
1636 0.823529411765
1637 0.823529411765
1638 0.823529411765
1639 0.529411764706
1640 0.764705882353
1641 0.764705882353
1642 0.647058823529
1643 0.705882352941
1644 0.764705882353
1645 0.823529411765
1646 0.647058823529
1647 0.764705882353
1648 0.823529411765
1649 0.705882352941
1650 0.764705882353
1651 0.529411764706
1652 0.8125
1653 0.8125
1654 0.875
1655 0.6875
1656 0.75
1657 0.75
1658 0.8125
1659 0.75
1660 0.75
1661 0.75
1662 0.6875
1663 0.625
1664 0.5625
1665 0.5625
1666 0.6875
1667 0.8125
1668 0.875
1669 0.875
1670 0.6875
1671 0.8125
1672 0.8125
1673 0.8125
1674 0.6875
1675 0.6875
1676 0.8125
1677 0.8125
1678 0.5625
1679 0.875
1680 0.75
1681 0.6875
1682 0.8125
1683 0.5625
1684 0.8125
1685 0.8125
1686 0.6875
1687 0.625
1688 0.75
1689 0.8125
1690 0.75
1691 0.6875
1692 0.8125
1693 0.5625
1694 0.6875
1695 0.8125
1696 0.75
1697 0.8125
1698 0.9375
1699 0.8125
1700 0.75
1701 0.625
1702 0.75
1703 0.6875
1704 0.75
1705 0.6875
1706 0.8125
1707 0.6875
1708 0.75
1709 0.5625
1710 0.875
1711 0.6875
1712 0.6875
1713 0.6875
1714 0.5
1715 0.5625
1716 0.75
1717 0.5
1718 0.75
1719 0.6875
1720 0.6875
1721 0.5
1722 0.875
1723 0.75
1724 0.9375
1725 0.75
1726 0.75
1727 0.6875
1728 0.9375
1729 0.75
1730 0.8125
1731 0.625
1732 0.933333333333
1733 0.6
1734 0.866666666667
1735 0.6
1736 0.733333333333
1737 0.866666666667
1738 0.733333333333
1739 0.866666666667
1740 0.866666666667
1741 0.733333333333
1742 0.666666666667
1743 0.666666666667
1744 0.8
1745 0.6
1746 0.733333333333
1747 0.666666666667
1748 0.8
1749 0.6
1750 0.8
1751 0.8
1752 0.8
1753 0.8
1754 0.733333333333
1755 0.8
1756 0.733333333333
1757 0.733333333333
1758 0.642857142857
1759 0.714285714286
1760 0.857142857143
1761 0.642857142857
1762 0.857142857143
1763 0.857142857143
1764 0.857142857143
1765 0.714285714286
1766 0.642857142857
1767 0.714285714286
1768 0.714285714286
1769 0.642857142857
1770 0.857142857143
1771 0.428571428571
1772 0.857142857143
1773 0.714285714286
1774 0.785714285714
1775 0.714285714286
1776 0.642857142857
1777 0.642857142857
1778 0.714285714286
1779 0.785714285714
1780 0.642857142857
1781 0.642857142857
1782 0.785714285714
1783 0.785714285714
1784 0.928571428571
1785 0.571428571429
1786 0.928571428571
1787 0.714285714286
1788 0.642857142857
1789 0.714285714286
1790 0.714285714286
1791 0.714285714286
1792 0.5
1793 0.857142857143
1794 0.785714285714
1795 0.714285714286
1796 0.714285714286
1797 0.714285714286
1798 0.428571428571
1799 0.785714285714
1800 0.714285714286
1801 0.785714285714
1802 0.642857142857
1803 0.642857142857
1804 0.714285714286
1805 0.785714285714
1806 0.785714285714
1807 0.857142857143
1808 0.428571428571
1809 0.857142857143
1810 0.5
1811 0.857142857143
1812 0.785714285714
1813 0.785714285714
1814 0.785714285714
1815 0.785714285714
1816 0.714285714286
1817 0.785714285714
1818 0.785714285714
1819 0.857142857143
1820 0.571428571429
1821 0.785714285714
1822 0.785714285714
1823 0.857142857143
1824 0.428571428571
1825 0.642857142857
1826 0.857142857143
1827 0.785714285714
1828 0.928571428571
1829 0.785714285714
1830 0.785714285714
1831 0.785714285714
1832 0.714285714286
1833 1.0
1834 0.5
1835 0.714285714286
1836 0.5
1837 0.928571428571
1838 0.5
1839 0.642857142857
1840 0.714285714286
1841 0.571428571429
1842 0.769230769231
1843 0.692307692308
1844 0.692307692308
1845 0.769230769231
1846 0.384615384615
1847 0.769230769231
1848 0.615384615385
1849 0.769230769231
1850 0.538461538462
1851 0.846153846154
1852 0.538461538462
1853 0.461538461538
1854 0.692307692308
1855 0.692307692308
1856 0.846153846154
1857 0.769230769231
1858 0.769230769231
1859 0.692307692308
1860 0.923076923077
1861 0.769230769231
1862 0.846153846154
1863 0.769230769231
1864 0.769230769231
1865 0.769230769231
1866 0.769230769231
1867 0.692307692308
1868 0.615384615385
1869 0.846153846154
1870 0.692307692308
1871 1.0
1872 0.769230769231
1873 0.692307692308
1874 0.692307692308
1875 0.538461538462
1876 0.461538461538
1877 0.461538461538
1878 0.692307692308
1879 0.538461538462
1880 0.692307692308
1881 0.692307692308
1882 0.769230769231
1883 0.615384615385
1884 1.0
1885 0.384615384615
1886 0.538461538462
1887 0.846153846154
1888 0.615384615385
1889 0.615384615385
1890 0.538461538462
1891 0.769230769231
1892 0.615384615385
1893 0.923076923077
1894 0.692307692308
1895 0.769230769231
1896 0.615384615385
1897 0.692307692308
1898 0.692307692308
1899 0.615384615385
1900 0.692307692308
1901 0.692307692308
1902 0.538461538462
1903 0.615384615385
1904 0.769230769231
1905 0.538461538462
1906 0.923076923077
1907 0.846153846154
1908 0.769230769231
1909 0.692307692308
1910 0.846153846154
1911 0.846153846154
1912 0.538461538462
1913 0.615384615385
1914 0.615384615385
1915 0.538461538462
1916 0.769230769231
1917 0.538461538462
1918 0.923076923077
1919 0.769230769231
1920 0.538461538462
1921 0.769230769231
1922 0.923076923077
1923 0.769230769231
1924 0.615384615385
1925 0.769230769231
1926 0.615384615385
1927 0.692307692308
1928 0.692307692308
1929 0.692307692308
1930 0.846153846154
1931 0.692307692308
1932 0.692307692308
1933 0.615384615385
1934 0.692307692308
1935 0.538461538462
1936 0.692307692308
1937 0.692307692308
1938 0.692307692308
1939 0.692307692308
1940 0.769230769231
1941 0.769230769231
1942 0.769230769231
1943 0.769230769231
1944 0.692307692308
1945 0.923076923077
1946 0.538461538462
1947 0.538461538462
1948 0.846153846154
1949 0.615384615385
1950 0.615384615385
1951 0.923076923077
1952 0.615384615385
1953 0.846153846154
1954 0.615384615385
1955 0.846153846154
1956 0.692307692308
1957 0.923076923077
1958 0.538461538462
1959 0.769230769231
1960 0.692307692308
1961 0.615384615385
1962 0.769230769231
1963 0.769230769231
1964 0.615384615385
1965 0.692307692308
1966 0.923076923077
1967 0.769230769231
1968 0.923076923077
1969 0.538461538462
1970 0.615384615385
1971 0.692307692308
1972 0.538461538462
1973 0.692307692308
1974 0.692307692308
1975 0.538461538462
1976 0.846153846154
1977 0.692307692308
1978 0.615384615385
1979 0.923076923077
1980 0.538461538462
1981 0.615384615385
1982 0.769230769231
1983 0.692307692308
1984 0.846153846154
1985 0.692307692308
1986 0.692307692308
1987 0.615384615385
1988 0.846153846154
1989 0.769230769231
1990 0.538461538462
1991 0.538461538462
1992 0.538461538462
1993 0.615384615385
1994 0.769230769231
1995 0.615384615385
1996 0.692307692308
1997 0.769230769231
1998 0.692307692308
1999 0.769230769231
2000 0.846153846154
2001 0.692307692308
2002 0.615384615385
2003 0.846153846154
2004 0.538461538462
2005 0.692307692308
2006 0.846153846154
2007 0.461538461538
2008 0.846153846154
2009 0.538461538462
2010 0.846153846154
2011 0.615384615385
2012 1.0
2013 0.538461538462
2014 0.769230769231
2015 0.538461538462
2016 0.769230769231
2017 0.615384615385
2018 0.692307692308
2019 0.692307692308
2020 0.615384615385
2021 0.615384615385
2022 0.769230769231
2023 0.692307692308
2024 0.769230769231
2025 0.538461538462
2026 0.692307692308
2027 0.615384615385
2028 0.692307692308
2029 0.692307692308
2030 0.615384615385
2031 0.692307692308
2032 0.846153846154
2033 0.615384615385
2034 0.615384615385
2035 0.846153846154
2036 0.538461538462
2037 0.692307692308
2038 0.846153846154
2039 0.769230769231
2040 0.846153846154
2041 0.692307692308
2042 0.769230769231
2043 0.615384615385
2044 0.692307692308
2045 0.846153846154
2046 0.846153846154
2047 0.692307692308
2048 0.538461538462
2049 0.923076923077
2050 0.461538461538
2051 0.615384615385
2052 0.769230769231
2053 0.615384615385
2054 0.538461538462
2055 0.615384615385
2056 0.692307692308
2057 0.769230769231
2058 0.538461538462
2059 0.769230769231
2060 0.615384615385
2061 0.923076923077
2062 0.615384615385
2063 0.846153846154
2064 0.692307692308
2065 0.615384615385
2066 0.769230769231
2067 0.769230769231
2068 0.538461538462
2069 0.615384615385
2070 0.692307692308
2071 0.615384615385
2072 0.846153846154
2073 0.461538461538
2074 0.692307692308
2075 0.769230769231
2076 0.692307692308
2077 0.692307692308
2078 0.692307692308
2079 0.692307692308
2080 0.538461538462
2081 0.846153846154
2082 0.615384615385
2083 0.846153846154
2084 0.769230769231
2085 0.769230769231
2086 0.769230769231
2087 0.846153846154
2088 0.769230769231
2089 0.846153846154
2090 0.769230769231
2091 0.538461538462
2092 0.538461538462
2093 0.769230769231
2094 0.461538461538
2095 0.769230769231
2096 0.538461538462
2097 0.769230769231
2098 0.615384615385
2099 0.538461538462
2100 0.769230769231
2101 0.538461538462
2102 0.538461538462
2103 0.384615384615
2104 0.769230769231
2105 0.769230769231
2106 0.769230769231
2107 0.769230769231
2108 0.769230769231
2109 0.846153846154
2110 0.846153846154
2111 0.769230769231
2112 0.615384615385
2113 0.692307692308
2114 0.615384615385
2115 0.846153846154
2116 0.615384615385
2117 0.615384615385
2118 0.692307692308
2119 0.692307692308
2120 0.615384615385
2121 0.692307692308
2122 0.615384615385
2123 0.846153846154
2124 0.769230769231
2125 0.615384615385
2126 0.769230769231
2127 0.769230769231
2128 0.692307692308
2129 0.615384615385
2130 0.692307692308
2131 0.307692307692
2132 0.846153846154
2133 0.461538461538
2134 0.692307692308
2135 0.692307692308
2136 0.846153846154
2137 0.615384615385
2138 0.692307692308
2139 0.461538461538
2140 0.769230769231
2141 0.769230769231
2142 0.615384615385
2143 0.769230769231
2144 0.615384615385
2145 0.692307692308
2146 0.692307692308
2147 0.769230769231
2148 0.615384615385
2149 0.615384615385
2150 0.615384615385
2151 0.769230769231
2152 0.615384615385
2153 0.461538461538
2154 0.615384615385
2155 0.615384615385
2156 0.615384615385
2157 0.692307692308
2158 0.769230769231
2159 0.615384615385
2160 0.615384615385
2161 0.615384615385
2162 0.769230769231
2163 0.538461538462
2164 0.615384615385
2165 0.692307692308
2166 0.923076923077
2167 0.538461538462
2168 0.769230769231
2169 0.615384615385
2170 0.846153846154
2171 0.692307692308
2172 0.846153846154
2173 0.538461538462
2174 0.769230769231
2175 0.461538461538
2176 0.384615384615
2177 0.769230769231
2178 0.538461538462
2179 0.615384615385
2180 0.769230769231
2181 0.846153846154
2182 0.538461538462
2183 0.923076923077
2184 0.615384615385
2185 0.538461538462
2186 0.846153846154
2187 0.692307692308
2188 0.615384615385
2189 0.769230769231
2190 0.692307692308
2191 0.769230769231
2192 0.692307692308
2193 0.769230769231
2194 0.538461538462
2195 0.692307692308
2196 0.692307692308
2197 0.538461538462
2198 0.769230769231
2199 0.692307692308
2200 0.615384615385
2201 0.692307692308
2202 0.615384615385
2203 0.615384615385
2204 0.692307692308
2205 0.846153846154
2206 0.615384615385
2207 0.846153846154
2208 0.692307692308
2209 0.615384615385
2210 0.692307692308
2211 0.615384615385
2212 0.615384615385
2213 0.769230769231
2214 0.769230769231
2215 0.846153846154
2216 0.692307692308
2217 0.692307692308
2218 0.615384615385
2219 0.538461538462
2220 0.923076923077
2221 0.769230769231
2222 0.769230769231
2223 0.692307692308
2224 0.692307692308
2225 0.923076923077
2226 0.538461538462
2227 0.846153846154
2228 0.538461538462
2229 1.0
2230 0.384615384615
2231 0.538461538462
2232 0.615384615385
2233 0.538461538462
2234 0.846153846154
2235 0.846153846154
2236 0.692307692308
2237 0.692307692308
2238 0.615384615385
2239 0.769230769231
2240 0.384615384615
2241 0.615384615385
2242 0.692307692308
2243 0.692307692308
2244 0.461538461538
2245 0.923076923077
2246 0.769230769231
2247 0.615384615385
2248 0.769230769231
2249 0.692307692308
2250 0.769230769231
2251 0.538461538462
2252 0.846153846154
2253 0.538461538462
2254 0.846153846154
2255 0.615384615385
2256 0.692307692308
2257 0.615384615385
2258 0.615384615385
2259 0.846153846154
2260 0.692307692308
2261 0.692307692308
2262 0.769230769231
2263 0.615384615385
2264 0.769230769231
2265 0.846153846154
2266 0.692307692308
2267 0.769230769231
2268 0.615384615385
2269 0.615384615385
2270 0.692307692308
2271 0.846153846154
2272 0.846153846154
2273 0.692307692308
2274 0.769230769231
2275 0.615384615385
2276 0.384615384615
2277 0.615384615385
2278 0.615384615385
2279 0.846153846154
2280 0.384615384615
2281 0.692307692308
2282 0.538461538462
2283 0.846153846154
2284 0.692307692308
2285 0.846153846154
2286 0.692307692308
2287 0.769230769231
2288 0.692307692308
2289 0.692307692308
2290 0.846153846154
2291 0.846153846154
2292 0.923076923077
2293 0.461538461538
2294 0.692307692308
2295 0.692307692308
2296 0.615384615385
2297 0.846153846154
2298 0.692307692308
2299 0.692307692308
2300 0.769230769231
2301 0.923076923077
2302 0.846153846154
2303 0.461538461538
2304 0.692307692308
2305 0.769230769231
2306 0.692307692308
2307 0.538461538462
2308 0.615384615385
2309 1.0
2310 0.769230769231
2311 0.692307692308
2312 0.538461538462
2313 0.692307692308
2314 0.538461538462
2315 0.846153846154
2316 0.692307692308
2317 0.769230769231
2318 0.769230769231
2319 0.769230769231
2320 0.846153846154
2321 0.692307692308
2322 0.769230769231
2323 0.615384615385
2324 0.615384615385
2325 0.769230769231
2326 0.769230769231
2327 0.769230769231
2328 0.538461538462
2329 0.769230769231
2330 0.615384615385
2331 0.615384615385
2332 0.538461538462
2333 0.923076923077
2334 0.538461538462
2335 0.692307692308
2336 0.307692307692
2337 0.692307692308
2338 0.692307692308
2339 0.769230769231
2340 0.461538461538
2341 0.846153846154
2342 0.615384615385
2343 0.846153846154
2344 0.615384615385
2345 0.923076923077
2346 0.583333333333
2347 0.583333333333
2348 0.833333333333
2349 0.75
2350 0.666666666667
2351 0.666666666667
2352 0.833333333333
2353 0.75
2354 0.75
2355 0.666666666667
2356 0.75
2357 0.5
2358 0.583333333333
2359 0.583333333333
2360 0.5
2361 0.75
2362 0.666666666667
2363 0.833333333333
2364 0.75
2365 0.666666666667
2366 0.5
2367 0.666666666667
2368 0.666666666667
2369 0.666666666667
2370 0.75
2371 0.833333333333
2372 0.5
2373 0.75
2374 0.416666666667
2375 0.916666666667
2376 0.666666666667
2377 0.583333333333
2378 0.75
2379 0.5
2380 0.833333333333
2381 0.916666666667
2382 0.833333333333
2383 0.833333333333
2384 0.666666666667
2385 0.916666666667
2386 0.75
2387 0.666666666667
2388 0.583333333333
2389 0.75
2390 0.5
2391 0.75
2392 0.916666666667
2393 0.75
2394 0.75
2395 0.75
2396 0.75
2397 0.666666666667
2398 0.666666666667
2399 0.75
2400 0.75
2401 0.833333333333
2402 0.666666666667
2403 0.916666666667
2404 0.583333333333
2405 0.75
2406 0.75
2407 0.583333333333
2408 0.416666666667
2409 0.583333333333
2410 0.833333333333
2411 0.75
2412 0.5
2413 0.5
2414 0.583333333333
2415 0.5
2416 0.75
2417 0.75
2418 0.75
2419 0.666666666667
2420 0.416666666667
2421 0.833333333333
2422 0.833333333333
2423 0.5
2424 0.5
2425 0.916666666667
2426 0.583333333333
2427 0.833333333333
2428 0.583333333333
2429 0.75
2430 0.416666666667
2431 1.0
2432 0.545454545455
2433 0.727272727273
2434 0.727272727273
2435 0.727272727273
2436 0.727272727273
2437 0.636363636364
2438 0.545454545455
2439 0.636363636364
2440 0.727272727273
2441 0.727272727273
2442 0.636363636364
2443 0.909090909091
2444 0.545454545455
2445 0.545454545455
2446 0.727272727273
2447 0.818181818182
2448 0.727272727273
2449 0.545454545455
2450 0.818181818182
2451 0.636363636364
2452 0.727272727273
2453 0.818181818182
2454 0.727272727273
2455 0.909090909091
2456 0.454545454545
2457 0.909090909091
2458 0.545454545455
2459 0.818181818182
2460 0.636363636364
2461 0.818181818182
2462 0.636363636364
2463 0.818181818182
2464 0.454545454545
2465 1.0
2466 0.636363636364
2467 0.818181818182
2468 0.545454545455
2469 0.818181818182
2470 0.727272727273
2471 1.0
2472 0.636363636364
2473 0.727272727273
2474 0.636363636364
2475 0.818181818182
2476 0.636363636364
2477 0.545454545455
2478 0.636363636364
2479 0.909090909091
2480 0.727272727273
2481 0.909090909091
2482 0.545454545455
2483 1.0
2484 0.818181818182
2485 0.727272727273
2486 0.454545454545
2487 0.727272727273
2488 0.727272727273
2489 0.545454545455
2490 0.545454545455
2491 0.818181818182
2492 0.818181818182
2493 0.818181818182
2494 0.545454545455
2495 0.363636363636
2496 0.636363636364
2497 0.727272727273
2498 0.636363636364
2499 0.909090909091
2500 0.727272727273
2501 0.636363636364
2502 0.727272727273
2503 0.636363636364
2504 0.818181818182
2505 0.636363636364
2506 0.818181818182
2507 0.636363636364
2508 0.727272727273
2509 0.909090909091
2510 0.818181818182
2511 0.636363636364
2512 0.818181818182
2513 0.727272727273
2514 0.454545454545
2515 0.818181818182
2516 0.636363636364
2517 0.636363636364
2518 0.636363636364
2519 0.636363636364
2520 0.636363636364
2521 0.818181818182
2522 0.636363636364
2523 0.363636363636
2524 0.909090909091
2525 0.636363636364
2526 0.363636363636
2527 0.727272727273
2528 0.727272727273
2529 0.545454545455
2530 0.909090909091
2531 0.727272727273
2532 0.636363636364
2533 0.454545454545
2534 0.818181818182
2535 0.727272727273
2536 0.727272727273
2537 0.636363636364
2538 0.909090909091
2539 0.727272727273
2540 0.636363636364
2541 0.727272727273
2542 0.818181818182
2543 0.909090909091
2544 0.818181818182
2545 0.636363636364
2546 0.727272727273
2547 0.636363636364
2548 0.727272727273
2549 0.545454545455
2550 0.454545454545
2551 0.545454545455
2552 0.818181818182
2553 0.636363636364
2554 0.727272727273
2555 0.727272727273
2556 0.727272727273
2557 0.636363636364
2558 0.818181818182
2559 0.636363636364
2560 0.727272727273
2561 0.818181818182
2562 0.636363636364
2563 0.909090909091
2564 0.636363636364
2565 0.909090909091
2566 0.636363636364
2567 0.909090909091
2568 0.727272727273
2569 0.636363636364
2570 0.909090909091
2571 0.7
2572 0.7
2573 0.9
2574 0.6
2575 1.0
2576 0.7
2577 0.8
2578 0.7
2579 0.8
2580 0.7
2581 0.9
2582 0.8
2583 0.8
2584 0.8
2585 0.9
2586 0.6
2587 0.8
2588 0.6
2589 0.7
2590 0.7
2591 0.8
2592 0.7
2593 0.6
2594 0.8
2595 0.6
2596 0.7
2597 0.7
2598 0.8
2599 0.5
2600 0.7
2601 0.6
2602 0.6
2603 0.7
2604 0.5
2605 0.7
2606 0.7
2607 0.6
2608 0.5
2609 0.7
2610 0.5
2611 0.9
2612 0.6
2613 0.6
2614 0.7
2615 0.7
2616 0.5
2617 0.5
2618 0.5
2619 0.6
2620 0.8
2621 0.7
2622 0.5
2623 0.8
2624 0.7
2625 0.9
2626 0.7
2627 0.8
2628 0.8
2629 0.8
2630 0.6
2631 0.9
2632 0.5
2633 0.9
2634 0.5
2635 0.7
2636 0.5
2637 0.8
2638 0.4
2639 0.8
2640 0.7
2641 0.9
2642 0.4
2643 0.7
2644 0.5
2645 0.7
2646 0.7
2647 0.8
2648 0.7
2649 0.6
2650 0.7
2651 0.6
2652 0.5
2653 0.7
2654 0.8
2655 0.5
2656 0.7
2657 0.8
2658 0.6
2659 0.8
2660 0.5
2661 0.7
2662 0.6
2663 0.8
2664 0.4
2665 0.8
2666 0.9
2667 0.8
2668 0.6
2669 0.8
2670 0.5
2671 1.0
2672 0.5
2673 0.6
2674 0.8
2675 0.6
2676 0.7
2677 0.5
2678 0.8
2679 0.7
2680 0.6
2681 0.8
2682 0.7
2683 0.7
2684 0.5
2685 0.9
2686 0.7
2687 0.6
2688 0.7
2689 0.7
2690 0.8
2691 0.6
2692 0.7
2693 0.5
2694 0.8
2695 0.2
2696 0.7
2697 0.9
2698 0.4
2699 0.7
2700 0.3
2701 0.8
2702 0.5
2703 0.7
2704 0.8
2705 0.7
2706 0.8
2707 0.8
2708 0.5
2709 0.6
2710 0.8
2711 0.2
2712 0.8
2713 0.6
2714 0.9
2715 0.7
2716 0.9
2717 0.6
2718 0.6
2719 0.9
2720 0.7
2721 0.8
2722 0.7
2723 0.6
2724 0.7
2725 0.9
2726 0.8
2727 0.5
2728 0.7
2729 0.7
2730 0.7
2731 0.7
2732 0.7
2733 0.9
2734 0.6
2735 0.6
2736 0.6
2737 0.6
2738 0.8
2739 0.6
2740 0.7
2741 0.8
2742 1.0
2743 0.8
2744 0.3
2745 0.7
2746 0.5
2747 1.0
2748 0.4
2749 1.0
2750 0.9
2751 0.7
2752 0.8
2753 0.9
2754 0.7
2755 0.7
2756 0.7
2757 0.9
2758 0.8
2759 0.7
2760 0.8
2761 0.9
2762 0.6
2763 1.0
2764 0.8
2765 0.8
2766 0.4
2767 0.8
2768 0.8
2769 0.8
2770 0.8
2771 0.7
2772 0.7
2773 0.7
2774 0.7
2775 0.7
2776 0.4
2777 0.8
2778 0.6
2779 0.4
2780 0.8
2781 0.4
2782 0.9
2783 0.7
2784 0.9
2785 0.4
2786 0.8
2787 0.6
2788 0.6
2789 0.7
2790 0.7
2791 0.3
2792 0.7
2793 0.7
2794 0.7
2795 0.6
2796 0.6
2797 0.7
2798 0.7
2799 0.5
2800 0.7
2801 0.7
2802 0.6
2803 0.8
2804 0.6
2805 0.7
2806 0.6
2807 0.8
2808 0.6
2809 1.0
2810 0.7
2811 0.7
2812 0.5
2813 0.6
2814 0.8
2815 0.6
2816 0.7
2817 0.7
2818 0.7
2819 0.9
2820 0.6
2821 0.7
2822 0.7
2823 0.7
2824 0.9
2825 0.3
2826 0.6
2827 0.5
2828 0.6
2829 0.5
2830 0.7
2831 0.6
2832 0.7
2833 0.6
2834 0.8
2835 0.6
2836 1.0
2837 0.6
2838 0.8
2839 0.6
2840 0.8
2841 0.9
2842 0.8
2843 1.0
2844 0.7
2845 0.8
2846 0.9
2847 0.6
2848 0.9
2849 0.6
2850 0.8
2851 0.6
2852 0.8
2853 0.8
2854 0.5
2855 0.7
2856 0.8
2857 0.6
2858 0.7
2859 0.7
2860 0.7
2861 0.9
2862 0.6
2863 0.9
2864 0.9
2865 0.9
2866 0.7
2867 0.7
2868 0.8
2869 0.9
2870 0.6
2871 0.7
2872 0.8
2873 0.6
2874 0.6
2875 0.6
2876 0.6
2877 0.7
2878 0.7
2879 0.8
2880 0.9
2881 0.7
2882 0.7
2883 0.5
2884 0.6
2885 0.7
2886 0.6
2887 0.7
2888 0.7
2889 0.7
2890 0.8
2891 0.7
2892 0.6
2893 0.6
2894 0.7
2895 0.9
2896 0.7
2897 0.6
2898 0.7
2899 0.6
2900 0.7
2901 0.6
2902 0.8
2903 0.7
2904 0.8
2905 0.8
2906 0.5
2907 1.0
2908 0.6
2909 0.7
2910 0.5
2911 0.7
2912 0.9
2913 0.6
2914 0.9
2915 0.7
2916 0.8
2917 0.7
2918 0.7
2919 0.6
2920 1.0
2921 0.5
2922 0.8
2923 0.555555555556
2924 0.777777777778
2925 0.555555555556
2926 0.888888888889
2927 0.555555555556
2928 0.888888888889
2929 0.777777777778
2930 0.555555555556
2931 0.444444444444
2932 0.888888888889
2933 0.777777777778
2934 0.666666666667
2935 0.666666666667
2936 1.0
2937 1.0
2938 0.666666666667
2939 0.777777777778
2940 0.777777777778
2941 0.777777777778
2942 0.888888888889
2943 0.666666666667
2944 1.0
2945 0.555555555556
2946 0.666666666667
2947 0.555555555556
2948 0.777777777778
2949 0.888888888889
2950 0.666666666667
2951 0.666666666667
2952 0.888888888889
2953 0.444444444444
2954 0.666666666667
2955 0.777777777778
2956 0.666666666667
2957 0.555555555556
2958 0.555555555556
2959 0.666666666667
2960 0.666666666667
2961 0.666666666667
2962 0.777777777778
2963 0.777777777778
2964 0.888888888889
2965 0.555555555556
2966 0.666666666667
2967 0.444444444444
2968 0.555555555556
2969 0.777777777778
2970 0.555555555556
2971 0.777777777778
2972 1.0
2973 0.555555555556
2974 0.777777777778
2975 0.555555555556
2976 0.777777777778
2977 0.777777777778
2978 0.444444444444
2979 0.222222222222
2980 0.666666666667
2981 0.666666666667
2982 0.444444444444
2983 0.888888888889
2984 0.555555555556
2985 0.555555555556
2986 0.666666666667
2987 0.777777777778
2988 0.333333333333
2989 0.666666666667
2990 1.0
2991 0.777777777778
2992 0.888888888889
2993 0.777777777778
2994 0.555555555556
2995 1.0
2996 0.777777777778
2997 0.777777777778
2998 0.555555555556
2999 0.666666666667
3000 0.777777777778
3001 0.888888888889
3002 0.777777777778
3003 0.888888888889
3004 0.777777777778
3005 0.666666666667
3006 0.777777777778
3007 0.666666666667
3008 0.777777777778
3009 0.666666666667
3010 0.666666666667
3011 0.666666666667
3012 0.888888888889
3013 0.888888888889
3014 0.666666666667
3015 0.666666666667
3016 0.888888888889
3017 0.555555555556
3018 1.0
3019 0.333333333333
3020 0.777777777778
3021 0.666666666667
3022 0.777777777778
3023 0.666666666667
3024 0.666666666667
3025 0.777777777778
3026 0.777777777778
3027 0.666666666667
3028 0.777777777778
3029 0.666666666667
3030 1.0
3031 0.888888888889
3032 0.666666666667
3033 0.888888888889
3034 0.777777777778
3035 0.888888888889
3036 0.777777777778
3037 0.777777777778
3038 0.666666666667
3039 0.888888888889
3040 0.777777777778
3041 0.777777777778
3042 0.666666666667
3043 0.888888888889
3044 0.777777777778
3045 0.666666666667
3046 0.666666666667
3047 0.888888888889
3048 0.777777777778
3049 0.666666666667
3050 0.555555555556
3051 0.888888888889
3052 0.444444444444
3053 0.555555555556
3054 0.888888888889
3055 0.888888888889
3056 0.555555555556
3057 0.888888888889
3058 0.666666666667
3059 0.444444444444
3060 0.777777777778
3061 0.666666666667
3062 0.888888888889
3063 0.444444444444
3064 0.888888888889
3065 0.888888888889
3066 0.777777777778
3067 0.666666666667
3068 0.888888888889
3069 0.333333333333
3070 0.888888888889
3071 1.0
3072 0.777777777778
3073 0.555555555556
3074 0.777777777778
3075 0.555555555556
3076 0.777777777778
3077 0.777777777778
3078 0.777777777778
3079 0.777777777778
3080 0.444444444444
3081 0.666666666667
3082 0.777777777778
3083 0.666666666667
3084 0.666666666667
3085 0.666666666667
3086 0.888888888889
3087 0.666666666667
3088 0.777777777778
3089 0.555555555556
3090 1.0
3091 0.777777777778
3092 0.888888888889
3093 0.666666666667
3094 0.666666666667
3095 0.888888888889
3096 0.777777777778
3097 0.555555555556
3098 0.777777777778
3099 0.666666666667
3100 0.666666666667
3101 0.777777777778
3102 0.777777777778
3103 0.666666666667
3104 0.777777777778
3105 0.888888888889
3106 0.777777777778
3107 0.888888888889
3108 0.777777777778
3109 0.777777777778
3110 0.555555555556
3111 1.0
3112 0.777777777778
3113 0.777777777778
3114 0.777777777778
3115 0.666666666667
3116 0.777777777778
3117 0.777777777778
3118 0.777777777778
3119 0.888888888889
3120 0.555555555556
3121 0.777777777778
3122 0.666666666667
3123 0.777777777778
3124 0.888888888889
3125 0.555555555556
3126 0.888888888889
3127 0.777777777778
3128 0.666666666667
3129 0.333333333333
3130 0.888888888889
3131 0.555555555556
3132 0.666666666667
3133 0.666666666667
3134 0.555555555556
3135 0.666666666667
3136 0.666666666667
3137 0.777777777778
3138 1.0
3139 0.666666666667
3140 0.888888888889
3141 0.777777777778
3142 0.666666666667
3143 0.888888888889
3144 0.666666666667
3145 0.555555555556
3146 0.777777777778
3147 0.777777777778
3148 0.555555555556
3149 0.555555555556
3150 0.666666666667
3151 0.777777777778
3152 0.888888888889
3153 0.444444444444
3154 0.777777777778
3155 0.666666666667
3156 0.666666666667
3157 0.555555555556
3158 0.777777777778
3159 0.666666666667
3160 0.666666666667
3161 0.666666666667
3162 0.888888888889
3163 0.555555555556
3164 0.888888888889
3165 0.666666666667
3166 0.666666666667
3167 0.777777777778
3168 0.777777777778
3169 0.444444444444
3170 0.666666666667
3171 0.444444444444
3172 0.888888888889
3173 0.777777777778
3174 0.777777777778
3175 0.666666666667
3176 0.777777777778
3177 0.666666666667
3178 0.888888888889
3179 0.888888888889
3180 0.777777777778
3181 0.777777777778
3182 0.777777777778
3183 0.777777777778
3184 0.777777777778
3185 1.0
3186 0.666666666667
3187 0.888888888889
3188 0.777777777778
3189 0.666666666667
3190 0.777777777778
3191 0.777777777778
3192 0.444444444444
3193 0.666666666667
3194 0.777777777778
3195 0.777777777778
3196 0.666666666667
3197 0.777777777778
3198 1.0
3199 0.777777777778
3200 1.0
3201 0.666666666667
3202 0.777777777778
3203 0.777777777778
3204 0.777777777778
3205 0.555555555556
3206 0.666666666667
3207 0.666666666667
3208 0.777777777778
3209 0.666666666667
3210 0.777777777778
3211 0.777777777778
3212 0.666666666667
3213 0.888888888889
3214 0.555555555556
3215 0.666666666667
3216 0.555555555556
3217 0.888888888889
3218 0.888888888889
3219 0.666666666667
3220 0.666666666667
3221 0.888888888889
3222 0.888888888889
3223 0.666666666667
3224 0.666666666667
3225 0.666666666667
3226 0.777777777778
3227 0.777777777778
3228 0.555555555556
3229 0.777777777778
3230 0.555555555556
3231 0.777777777778
3232 0.666666666667
3233 0.777777777778
3234 0.777777777778
3235 0.777777777778
3236 0.555555555556
3237 0.777777777778
3238 0.888888888889
3239 0.888888888889
3240 0.333333333333
3241 0.888888888889
3242 0.666666666667
3243 0.666666666667
3244 0.666666666667
3245 0.777777777778
3246 0.555555555556
3247 1.0
3248 0.666666666667
3249 0.666666666667
3250 0.444444444444
3251 0.555555555556
3252 0.666666666667
3253 0.777777777778
3254 0.666666666667
3255 0.888888888889
3256 0.555555555556
3257 0.444444444444
3258 0.777777777778
3259 0.666666666667
3260 0.555555555556
3261 0.777777777778
3262 0.555555555556
3263 0.888888888889
3264 0.666666666667
3265 0.888888888889
3266 0.777777777778
3267 1.0
3268 0.888888888889
3269 0.888888888889
3270 0.888888888889
3271 0.888888888889
3272 0.777777777778
3273 0.777777777778
3274 0.777777777778
3275 0.888888888889
3276 0.888888888889
3277 0.777777777778
3278 0.777777777778
3279 1.0
3280 0.888888888889
3281 0.888888888889
3282 0.777777777778
3283 1.0
3284 1.0
3285 0.666666666667
3286 0.666666666667
3287 0.888888888889
3288 0.666666666667
3289 0.888888888889
3290 0.555555555556
3291 1.0
3292 0.666666666667
3293 0.888888888889
3294 1.0
3295 0.444444444444
3296 0.777777777778
3297 0.666666666667
3298 0.777777777778
3299 0.666666666667
3300 0.666666666667
3301 0.777777777778
3302 0.777777777778
3303 0.555555555556
3304 0.666666666667
3305 0.777777777778
3306 0.888888888889
3307 0.777777777778
3308 0.666666666667
3309 0.666666666667
3310 0.666666666667
3311 0.888888888889
3312 0.777777777778
3313 0.555555555556
3314 0.888888888889
3315 0.555555555556
3316 0.666666666667
3317 0.888888888889
3318 0.666666666667
3319 0.555555555556
3320 0.777777777778
3321 0.777777777778
3322 0.777777777778
3323 0.777777777778
3324 0.777777777778
3325 0.777777777778
3326 0.666666666667
3327 0.777777777778
3328 0.666666666667
3329 0.555555555556
3330 0.666666666667
3331 0.888888888889
3332 0.777777777778
3333 0.888888888889
3334 0.777777777778
3335 0.888888888889
3336 0.666666666667
3337 0.777777777778
3338 0.777777777778
3339 0.888888888889
3340 0.777777777778
3341 0.777777777778
3342 1.0
3343 0.444444444444
3344 0.888888888889
3345 0.888888888889
3346 0.888888888889
3347 0.777777777778
3348 0.888888888889
3349 0.777777777778
3350 1.0
3351 0.444444444444
3352 0.555555555556
3353 0.555555555556
3354 0.888888888889
3355 0.888888888889
3356 0.666666666667
3357 0.777777777778
3358 0.666666666667
3359 0.777777777778
3360 0.888888888889
3361 0.555555555556
3362 0.888888888889
3363 0.777777777778
3364 0.555555555556
3365 0.666666666667
3366 0.777777777778
3367 0.666666666667
3368 0.666666666667
3369 1.0
3370 0.777777777778
3371 1.0
3372 0.777777777778
3373 0.777777777778
3374 0.777777777778
3375 0.555555555556
3376 0.666666666667
3377 0.666666666667
3378 0.777777777778
3379 0.888888888889
3380 0.666666666667
3381 0.888888888889
3382 0.666666666667
3383 0.666666666667
3384 0.888888888889
3385 1.0
3386 0.444444444444
3387 0.777777777778
3388 0.888888888889
3389 0.555555555556
3390 0.666666666667
3391 0.666666666667
3392 0.333333333333
3393 0.666666666667
3394 0.555555555556
3395 0.666666666667
3396 0.888888888889
3397 0.444444444444
3398 0.666666666667
3399 0.777777777778
3400 0.666666666667
3401 0.666666666667
3402 0.777777777778
3403 0.888888888889
3404 0.666666666667
3405 0.777777777778
3406 0.888888888889
3407 0.666666666667
3408 0.777777777778
3409 0.444444444444
3410 0.555555555556
3411 0.444444444444
3412 0.777777777778
3413 0.666666666667
3414 1.0
3415 0.666666666667
3416 0.777777777778
3417 0.888888888889
3418 0.666666666667
3419 0.666666666667
3420 0.555555555556
3421 0.777777777778
3422 0.666666666667
3423 0.555555555556
3424 0.555555555556
3425 0.666666666667
3426 0.555555555556
3427 0.777777777778
3428 0.666666666667
3429 0.666666666667
3430 1.0
3431 0.777777777778
3432 0.666666666667
3433 0.777777777778
3434 0.555555555556
3435 0.666666666667
3436 0.666666666667
3437 0.666666666667
3438 0.777777777778
3439 0.555555555556
3440 0.777777777778
3441 0.666666666667
3442 0.777777777778
3443 0.444444444444
3444 0.777777777778
3445 0.444444444444
3446 0.777777777778
3447 0.555555555556
3448 0.888888888889
3449 0.666666666667
3450 0.888888888889
3451 0.777777777778
3452 0.555555555556
3453 0.888888888889
3454 1.0
3455 0.777777777778
3456 0.888888888889
3457 0.777777777778
3458 0.666666666667
3459 0.666666666667
3460 1.0
3461 0.777777777778
3462 0.777777777778
3463 0.666666666667
3464 0.888888888889
3465 0.888888888889
3466 0.666666666667
3467 1.0
3468 0.666666666667
3469 0.888888888889
3470 0.666666666667
3471 1.0
3472 0.666666666667
3473 0.777777777778
3474 0.777777777778
3475 0.888888888889
3476 0.666666666667
3477 0.555555555556
3478 0.777777777778
3479 0.666666666667
3480 0.777777777778
3481 0.777777777778
3482 0.777777777778
3483 0.555555555556
3484 1.0
3485 0.555555555556
3486 0.666666666667
3487 0.777777777778
3488 0.777777777778
3489 0.777777777778
3490 0.555555555556
3491 0.888888888889
3492 0.444444444444
3493 0.777777777778
3494 0.333333333333
3495 0.888888888889
3496 0.666666666667
3497 0.666666666667
3498 0.777777777778
3499 0.888888888889
3500 0.777777777778
3501 0.555555555556
3502 0.888888888889
3503 0.888888888889
3504 0.777777777778
3505 0.222222222222
3506 0.888888888889
3507 0.888888888889
3508 0.666666666667
3509 0.666666666667
3510 0.777777777778
3511 0.555555555556
3512 0.777777777778
3513 0.888888888889
3514 0.555555555556
3515 1.0
3516 0.333333333333
3517 0.888888888889
3518 0.666666666667
3519 1.0
3520 0.555555555556
3521 0.777777777778
3522 0.666666666667
3523 0.777777777778
3524 0.888888888889
3525 0.666666666667
3526 0.888888888889
3527 0.666666666667
3528 0.555555555556
3529 0.777777777778
3530 0.777777777778
3531 0.777777777778
3532 0.777777777778
3533 0.555555555556
3534 0.888888888889
3535 0.777777777778
3536 0.888888888889
3537 0.666666666667
3538 0.777777777778
3539 0.666666666667
3540 0.888888888889
3541 0.555555555556
3542 0.666666666667
3543 0.666666666667
3544 0.666666666667
3545 0.777777777778
3546 0.777777777778
3547 0.777777777778
3548 0.888888888889
3549 0.777777777778
3550 0.666666666667
3551 0.666666666667
3552 0.777777777778
3553 0.888888888889
3554 0.777777777778
3555 0.777777777778
3556 0.777777777778
3557 0.666666666667
3558 0.75
3559 0.625
3560 0.875
3561 0.875
3562 1.0
3563 0.875
3564 0.625
3565 0.875
3566 0.625
3567 1.0
3568 0.75
3569 0.875
3570 0.625
3571 0.875
3572 1.0
3573 0.75
3574 0.5
3575 0.5
3576 0.875
3577 0.375
3578 1.0
3579 0.625
3580 0.875
3581 0.5
3582 1.0
3583 0.625
3584 0.625
3585 0.875
3586 0.625
3587 0.5
3588 0.75
3589 0.875
3590 0.875
3591 0.5
3592 0.75
3593 0.625
3594 0.875
3595 0.875
3596 0.75
3597 0.625
3598 0.875
3599 0.875
3600 0.75
3601 0.5
3602 1.0
3603 0.75
3604 0.875
3605 0.75
3606 0.625
3607 1.0
3608 0.875
3609 0.875
3610 0.625
3611 0.875
3612 0.375
3613 0.875
3614 0.75
3615 1.0
3616 0.75
3617 0.875
3618 0.625
3619 0.875
3620 1.0
3621 0.75
3622 0.875
3623 0.75
3624 0.875
3625 0.75
3626 0.5
3627 0.625
3628 0.75
3629 0.625
3630 0.625
3631 0.875
3632 0.625
3633 0.875
3634 0.75
3635 0.75
3636 0.875
3637 0.625
3638 0.875
3639 0.875
3640 0.875
3641 0.75
3642 0.75
3643 0.75
3644 0.75
3645 0.75
3646 0.625
3647 0.75
3648 0.625
3649 0.875
3650 0.75
3651 0.625
3652 0.625
3653 0.75
3654 0.625
3655 0.5
3656 1.0
3657 0.875
3658 0.75
3659 0.875
3660 0.5
3661 0.875
3662 0.625
3663 1.0
3664 0.75
3665 0.875
3666 0.75
3667 0.625
3668 0.75
3669 0.5
3670 0.625
3671 0.875
3672 0.5
3673 0.75
3674 0.875
3675 0.75
3676 0.75
3677 0.625
3678 0.625
3679 0.875
3680 0.375
3681 0.625
3682 0.625
3683 0.75
3684 0.5
3685 0.75
3686 1.0
3687 0.75
3688 0.75
3689 1.0
3690 0.875
3691 0.375
3692 0.75
3693 0.625
3694 0.625
3695 0.75
3696 0.75
3697 0.875
3698 1.0
3699 0.75
3700 0.5
3701 0.875
3702 0.25
3703 0.875
3704 0.5
3705 0.75
3706 0.5
3707 0.875
3708 0.625
3709 1.0
3710 0.375
3711 0.875
3712 0.875
3713 0.75
3714 1.0
3715 0.875
3716 1.0
3717 0.75
3718 0.875
3719 0.625
3720 0.75
3721 0.625
3722 0.875
3723 0.625
3724 1.0
3725 0.75
3726 1.0
3727 0.625
3728 0.75
3729 0.375
3730 0.875
3731 0.625
3732 1.0
3733 0.625
3734 0.75
3735 1.0
3736 0.75
3737 0.875
3738 1.0
3739 0.75
3740 0.875
3741 0.875
3742 0.875
3743 0.75
3744 0.875
3745 0.75
3746 0.5
3747 0.875
3748 0.75
3749 0.625
3750 0.625
3751 0.75
3752 0.75
3753 0.625
3754 0.75
3755 0.75
3756 0.5
3757 0.5
3758 0.625
3759 0.75
3760 0.875
3761 0.625
3762 0.75
3763 0.75
3764 0.625
3765 0.75
3766 0.75
3767 0.5
3768 1.0
3769 1.0
3770 0.625
3771 0.875
3772 0.75
3773 0.625
3774 0.625
3775 0.75
3776 0.375
3777 0.75
3778 0.75
3779 0.75
3780 0.625
3781 0.625
3782 1.0
3783 0.625
3784 0.75
3785 0.5
3786 0.875
3787 0.625
3788 0.875
3789 0.625
3790 0.875
3791 0.75
3792 0.75
3793 0.875
3794 0.875
3795 0.5
3796 0.625
3797 0.75
3798 0.75
3799 1.0
3800 0.375
3801 0.5
3802 0.875
3803 0.875
3804 0.875
3805 0.875
3806 0.875
3807 1.0
3808 0.625
3809 0.875
3810 0.875
3811 1.0
3812 0.625
3813 0.75
3814 0.75
3815 0.75
3816 0.75
3817 0.375
3818 0.875
3819 0.875
3820 0.625
3821 0.75
3822 0.625
3823 0.875
3824 0.875
3825 1.0
3826 0.75
3827 0.75
3828 0.5
3829 0.75
3830 0.625
3831 0.75
3832 0.75
3833 0.75
3834 0.625
3835 0.625
3836 0.875
3837 0.875
3838 0.625
3839 0.875
3840 0.875
3841 0.75
3842 0.75
3843 0.75
3844 0.875
3845 0.75
3846 0.875
3847 0.75
3848 0.5
3849 0.875
3850 0.625
3851 0.75
3852 0.625
3853 0.75
3854 0.875
3855 0.625
3856 0.75
3857 0.625
3858 1.0
3859 0.25
3860 1.0
3861 0.625
3862 0.625
3863 0.875
3864 0.875
3865 0.625
3866 0.875
3867 0.75
3868 0.625
3869 1.0
3870 0.625
3871 0.75
3872 0.875
3873 0.75
3874 0.75
3875 0.875
3876 0.5
3877 0.75
3878 0.625
3879 0.75
3880 0.857142857143
3881 0.285714285714
3882 0.857142857143
3883 0.714285714286
3884 1.0
3885 0.571428571429
3886 1.0
3887 0.714285714286
3888 0.857142857143
3889 0.857142857143
3890 0.571428571429
3891 1.0
3892 0.714285714286
3893 0.714285714286
3894 0.571428571429
3895 0.857142857143
3896 0.714285714286
3897 0.857142857143
3898 0.857142857143
3899 1.0
3900 0.714285714286
3901 0.857142857143
3902 0.714285714286
3903 1.0
3904 0.571428571429
3905 1.0
3906 0.857142857143
3907 0.857142857143
3908 0.714285714286
3909 0.857142857143
3910 0.571428571429
3911 0.714285714286
3912 0.714285714286
3913 0.714285714286
3914 0.571428571429
3915 1.0
3916 0.857142857143
3917 1.0
3918 0.857142857143
3919 0.857142857143
3920 0.714285714286
3921 0.428571428571
3922 0.857142857143
3923 0.714285714286
3924 0.857142857143
3925 0.571428571429
3926 0.714285714286
3927 0.714285714286
3928 0.714285714286
3929 0.428571428571
3930 0.571428571429
3931 0.714285714286
3932 0.857142857143
3933 0.714285714286
3934 0.857142857143
3935 0.714285714286
3936 0.571428571429
3937 0.857142857143
3938 0.714285714286
3939 0.857142857143
3940 0.571428571429
3941 0.857142857143
3942 0.428571428571
3943 1.0
3944 0.714285714286
3945 0.714285714286
3946 0.857142857143
3947 0.714285714286
3948 0.714285714286
3949 0.857142857143
3950 0.571428571429
3951 0.714285714286
3952 0.571428571429
3953 0.714285714286
3954 0.857142857143
3955 0.571428571429
3956 0.428571428571
3957 1.0
3958 0.714285714286
3959 1.0
3960 0.571428571429
3961 0.714285714286
3962 0.714285714286
3963 0.571428571429
3964 0.571428571429
3965 0.857142857143
3966 0.428571428571
3967 0.857142857143
3968 0.857142857143
3969 0.714285714286
3970 0.714285714286
3971 0.857142857143
3972 0.571428571429
3973 0.571428571429
3974 0.571428571429
3975 0.571428571429
3976 1.0
3977 0.142857142857
3978 0.571428571429
3979 0.857142857143
3980 0.714285714286
3981 0.857142857143
3982 0.571428571429
3983 1.0
3984 0.571428571429
3985 1.0
3986 0.714285714286
3987 0.857142857143
3988 0.571428571429
3989 1.0
3990 0.714285714286
3991 0.428571428571
3992 0.857142857143
3993 0.857142857143
3994 0.714285714286
3995 0.714285714286
3996 1.0
3997 1.0
3998 0.857142857143
3999 1.0
4000 0.571428571429
4001 0.428571428571
4002 0.714285714286
4003 0.571428571429
4004 0.714285714286
4005 0.714285714286
4006 0.714285714286
4007 0.714285714286
4008 0.714285714286
4009 0.714285714286
4010 0.571428571429
4011 0.428571428571
4012 1.0
4013 0.857142857143
4014 1.0
4015 0.571428571429
4016 0.857142857143
4017 0.714285714286
4018 0.571428571429
4019 0.571428571429
4020 0.857142857143
4021 0.571428571429
4022 0.857142857143
4023 0.428571428571
4024 1.0
4025 0.428571428571
4026 0.714285714286
4027 0.428571428571
4028 1.0
4029 0.428571428571
4030 0.857142857143
4031 0.857142857143
4032 0.428571428571
4033 0.857142857143
4034 0.714285714286
4035 0.428571428571
4036 0.857142857143
4037 0.857142857143
4038 0.714285714286
4039 0.857142857143
4040 0.857142857143
4041 0.571428571429
4042 0.428571428571
4043 0.714285714286
4044 0.714285714286
4045 0.714285714286
4046 0.714285714286
4047 0.714285714286
4048 0.714285714286
4049 0.857142857143
4050 0.571428571429
4051 0.714285714286
4052 0.571428571429
4053 0.714285714286
4054 0.857142857143
4055 0.857142857143
4056 0.428571428571
4057 0.714285714286
4058 0.857142857143
4059 0.857142857143
4060 0.571428571429
4061 0.714285714286
4062 0.571428571429
4063 0.714285714286
4064 0.857142857143
4065 0.857142857143
4066 0.714285714286
4067 0.714285714286
4068 0.857142857143
4069 0.571428571429
4070 1.0
4071 0.428571428571
4072 0.857142857143
4073 0.428571428571
4074 0.857142857143
4075 0.714285714286
4076 0.571428571429
4077 0.857142857143
4078 0.571428571429
4079 0.857142857143
4080 0.857142857143
4081 0.714285714286
4082 0.857142857143
4083 0.714285714286
4084 0.714285714286
4085 0.714285714286
4086 0.571428571429
4087 0.714285714286
4088 0.714285714286
4089 0.714285714286
4090 1.0
4091 0.857142857143
4092 0.857142857143
4093 0.714285714286
4094 0.714285714286
4095 0.857142857143
4096 0.714285714286
4097 0.714285714286
4098 0.714285714286
4099 0.714285714286
4100 0.571428571429
4101 0.714285714286
4102 0.571428571429
4103 0.857142857143
4104 0.714285714286
4105 0.571428571429
4106 0.857142857143
4107 1.0
4108 0.571428571429
4109 0.571428571429
4110 0.714285714286
4111 0.714285714286
4112 0.714285714286
4113 0.857142857143
4114 0.714285714286
4115 0.857142857143
4116 0.714285714286
4117 1.0
4118 0.571428571429
4119 0.428571428571
4120 0.714285714286
4121 0.857142857143
4122 0.857142857143
4123 1.0
4124 0.714285714286
4125 0.571428571429
4126 0.571428571429
4127 0.714285714286
4128 0.571428571429
4129 0.857142857143
4130 0.714285714286
4131 0.714285714286
4132 0.714285714286
4133 0.714285714286
4134 0.714285714286
4135 0.714285714286
4136 0.714285714286
4137 0.571428571429
4138 0.571428571429
4139 1.0
4140 0.857142857143
4141 0.571428571429
4142 0.714285714286
4143 0.714285714286
4144 0.714285714286
4145 1.0
4146 0.571428571429
4147 0.714285714286
4148 0.571428571429
4149 0.714285714286
4150 0.714285714286
4151 1.0
4152 0.428571428571
4153 1.0
4154 0.857142857143
4155 0.571428571429
4156 0.714285714286
4157 0.714285714286
4158 0.666666666667
4159 0.666666666667
4160 1.0
4161 0.333333333333
4162 0.833333333333
4163 0.5
4164 1.0
4165 0.666666666667
4166 0.833333333333
4167 0.666666666667
4168 1.0
4169 0.333333333333
4170 0.833333333333
4171 0.833333333333
4172 0.666666666667
4173 0.833333333333
4174 0.666666666667
4175 0.833333333333
4176 0.833333333333
4177 1.0
4178 0.6
4179 1.0
4180 0.8
4181 0.8
4182 0.8
4183 0.6
4184 0.6
4185 0.8
4186 1.0
4187 1.0
4188 0.6
4189 0.8
4190 1.0
4191 0.8
4192 0.4
4193 0.8
4194 0.4
4195 1.0
4196 0.6
4197 0.8
4198 0.8
4199 0.8
4200 0.6
4201 0.8
4202 0.6
4203 1.0
4204 0.6
4205 0.4
4206 0.4
4207 0.8
4208 0.6
4209 1.0
4210 0.4
4211 1.0
4212 0.8
4213 1.0
4214 0.2
4215 1.0
4216 0.2
4217 0.8
4218 0.6
4219 1.0
4220 0.8
4221 1.0
4222 0.8
4223 1.0
4224 0.6
4225 0.6
4226 0.6
4227 0.6
4228 0.6
4229 1.0
4230 0.8
4231 0.4
4232 1.0
4233 0.8
4234 0.4
4235 1.0
4236 0.2
4237 0.4
4238 1.0
4239 0.6
4240 0.8
4241 1.0
4242 0.4
4243 0.6
4244 1.0
4245 0.6
4246 0.8
4247 0.8
4248 0.8
4249 0.8
4250 1.0
4251 0.8
4252 1.0
4253 0.4
4254 1.0
4255 0.8
4256 0.8
4257 0.8
4258 0.6
4259 0.6
4260 0.8
4261 0.6
4262 0.6
4263 1.0
4264 0.4
4265 0.6
4266 0.8
4267 1.0
4268 0.8
4269 0.6
4270 0.8
4271 1.0
4272 0.6
4273 0.8
4274 0.8
4275 0.6
4276 0.4
4277 0.8
4278 0.8
4279 1.0
4280 0.8
4281 1.0
4282 0.8
4283 0.8
4284 0.6
4285 0.8
4286 0.8
4287 0.6
4288 0.8
4289 1.0
4290 0.8
4291 0.4
4292 0.4
4293 0.4
4294 0.8
4295 0.6
4296 1.0
4297 0.8
4298 0.8
4299 0.8
4300 1.0
4301 0.4
4302 0.6
4303 0.8
4304 1.0
4305 0.8
4306 1.0
4307 0.4
4308 0.6
4309 0.6
4310 0.8
4311 0.6
4312 0.8
4313 0.8
4314 0.6
4315 0.6
4316 1.0
4317 0.4
4318 0.8
4319 0.8
4320 0.6
4321 1.0
4322 0.8
4323 0.8
4324 0.8
4325 1.0
4326 0.6
4327 0.8
4328 0.6
4329 0.8
4330 1.0
4331 1.0
4332 0.6
4333 0.4
4334 0.8
4335 0.6
4336 1.0
4337 0.2
4338 0.6
4339 0.6
4340 1.0
4341 1.0
4342 1.0
4343 0.5
4344 1.0
4345 0.5
4346 1.0
4347 0.0
4348 1.0
4349 0.25
4350 1.0
4351 0.75
4352 1.0
4353 0.5
4354 1.0
4355 1.0
4356 0.5
4357 1.0
4358 1.0
4359 0.5
4360 0.75
4361 1.0
4362 0.75
4363 0.5
4364 1.0
4365 0.5
4366 1.0
4367 0.75
4368 1.0
4369 0.75
4370 0.75
4371 0.75
4372 0.75
4373 0.5
4374 0.75
4375 1.0
4376 0.75
4377 0.75
4378 1.0
4379 0.5
4380 0.75
4381 0.5
4382 1.0
4383 0.5
4384 0.5
4385 0.75
4386 0.75
4387 0.75
4388 0.75
4389 0.25
4390 0.75
4391 0.75
4392 0.5
4393 0.75
4394 0.5
4395 0.75
4396 0.75
4397 0.75
4398 0.5
4399 1.0
4400 0.5
4401 0.75
4402 1.0
4403 0.5
4404 0.75
4405 1.0
4406 1.0
4407 0.5
4408 0.75
4409 0.25
4410 0.5
4411 0.75
4412 1.0
4413 0.75
4414 0.5
4415 0.75
4416 0.75
4417 0.75
4418 0.5
4419 0.75
4420 0.5
4421 0.75
4422 0.75
4423 1.0
4424 0.75
4425 1.0
4426 1.0
4427 1.0
4428 0.5
4429 0.75
4430 1.0
4431 0.75
4432 1.0
4433 0.5
4434 0.75
4435 1.0
4436 0.75
4437 0.75
4438 0.75
4439 0.75
4440 0.5
4441 0.75
4442 1.0
4443 0.0
4444 0.666666666667
4445 0.333333333333
4446 0.666666666667
4447 0.666666666667
4448 1.0
4449 0.666666666667
4450 0.666666666667
4451 0.666666666667
4452 1.0
4453 1.0
4454 1.0
4455 0.666666666667
4456 1.0
4457 1.0
4458 0.666666666667
4459 0.333333333333
4460 0.666666666667
4461 1.0
4462 0.666666666667
4463 0.666666666667
4464 0.666666666667
4465 0.0
4466 1.0
4467 0.666666666667
4468 0.666666666667
4469 1.0
4470 0.333333333333
4471 1.0
4472 1.0
4473 0.666666666667
4474 0.666666666667
4475 0.333333333333
4476 0.666666666667
4477 0.666666666667
4478 0.666666666667
4479 1.0
4480 0.666666666667
4481 0.333333333333
4482 0.666666666667
4483 1.0
4484 0.666666666667
4485 0.666666666667
4486 0.666666666667
4487 0.666666666667
4488 0.666666666667
4489 0.666666666667
4490 0.333333333333
4491 0.333333333333
4492 0.666666666667
4493 1.0
4494 0.666666666667
4495 1.0
4496 0.666666666667
4497 0.666666666667
4498 1.0
4499 0.333333333333
4500 1.0
4501 0.666666666667
4502 0.666666666667
4503 0.666666666667
4504 0.666666666667
4505 0.666666666667
4506 1.0
4507 0.333333333333
4508 1.0
4509 1.0
4510 0.333333333333
4511 1.0
4512 0.666666666667
4513 0.333333333333
4514 1.0
4515 0.666666666667
4516 0.666666666667
4517 0.666666666667
4518 0.333333333333
4519 0.666666666667
4520 1.0
4521 0.666666666667
4522 0.666666666667
4523 1.0
4524 0.5
4525 1.0
4526 1.0
4527 0.5
4528 1.0
4529 0.5
4530 1.0
4531 1.0
4532 1.0
4533 0.5
4534 0.5
4535 0.5
4536 1.0
4537 0.0
4538 0.5
4539 0.5
4540 0.5
4541 0.5
4542 1.0
4543 0.5
4544 1.0
4545 0.5
4546 0.5
4547 1.0
4548 1.0
4549 1.0
4550 1.0
4551 1.0
4552 0.5
4553 1.0
4554 0.5
4555 0.5
4556 0.5
4557 1.0
4558 0.5
4559 0.5
4560 1.0
4561 0.5
4562 1.0
4563 0.5
4564 0.0
4565 1.0
4566 0.5
4567 0.5
4568 0.5
4569 0.5
4570 1.0
4571 1.0
4572 1.0
4573 1.0
4574 0.5
4575 0.5
4576 0.5
4577 1.0
4578 0.0
4579 1.0
4580 1.0
4581 1.0
4582 0.5
4583 0.5
4584 0.0
4585 0.5
4586 0.5
4587 1.0
4588 0.5
4589 1.0
4590 0.0
4591 1.0
4592 1.0
4593 0.5
4594 1.0
4595 1.0
4596 0.5
4597 0.5
4598 1.0
4599 0.5
4600 0.5
4601 1.0
4602 1.0
4603 0.5
4604 1.0
4605 1.0
4606 0.5
4607 1.0
4608 0.5
4609 0.0
4610 1.0
4611 0.5
4612 1.0
4613 0.5
4614 0.5
4615 0.5
4616 1.0
4617 1.0
4618 0.0
4619 1.0
4620 1.0
4621 1.0
4622 1.0
4623 1.0
4624 1.0
4625 1.0
4626 1.0
4627 1.0
4628 1.0
4629 1.0
4630 0.0
4631 1.0
4632 1.0
4633 0.0
4634 0.0
4635 1.0
4636 0.0
4637 1.0
4638 1.0
4639 1.0
4640 1.0
4641 0.0
4642 1.0
4643 1.0
4644 1.0
4645 1.0
4646 1.0
4647 1.0
4648 0.0
4649 1.0
4650 0.0
4651 1.0
4652 0.0
4653 1.0
4654 0.0
4655 0.0
4656 1.0
4657 1.0
4658 1.0
4659 1.0
4660 0.0
4661 1.0
4662 1.0
4663 0.0
4664 0.0
4665 0.0
4666 1.0
4667 1.0
4668 1.0
4669 1.0
4670 1.0
4671 0.0
4672 1.0
4673 1.0
4674 0.0
4675 1.0
4676 1.0
4677 1.0
4678 1.0
4679 0.0
4680 0.0
4681 0.0
4682 1.0
4683 1.0
4684 1.0
4685 1.0
4686 0.0
4687 1.0
4688 1.0
4689 0.0
4690 1.0
4691 1.0
4692 0.0
4693 1.0
4694 1.0
4695 1.0
4696 1.0
4697 1.0
4698 1.0
4699 1.0
4700 1.0
4701 1.0
4702 1.0
4703 1.0
4704 1.0
4705 0.0
4706 1.0
4707 0.0
4708 1.0
4709 0.0
4710 1.0
4711 0.0
4712 1.0

