24848
21152
19401
16117
15685
15016
13657
13492
13451
13150
12196
11268
11143
11121
10663
10626
10232
8509
7872
7802
7431
6964
6311
6061
5980
5790
5293
5201
5117
4563
4527
4493
4407
4380
4310
4147
4123
4016
3742
3699
3521
3466
3462
3444
3314
3297
3219
3090
3058
3003
2903
2807
2798
2653
2502
2456
2446
2442
2360
2329
2293
2257
2185
2175
2152
2122
2046
2012
1999
1991
1960
1955
1921
1869
1855
1817
1810
1791
1740
1714
1704
1697
1687
1659
1652
1644
1627
1621
1588
1573
1569
1564
1531
1526
1517
1517
1502
1493
1489
1478
1468
1466
1460
1438
1431
1424
1415
1396
1391
1369
1343
1337
1337
1328
1303
1276
1275
1261
1260
1258
1225
1197
1196
1168
1153
1150
1142
1135
1121
1117
1088
1085
1080
1070
1069
1065
1051
1044
1036
1032
1011
1007
1006
982
970
965
946
936
915
903
892
889
883
879
850
829
819
796
790
768
758
755
728
727
708
703
703
699
691
691
684
674
671
668
658
651
648
647
645
644
637
635
634
633
628
628
623
622
612
611
611
608
608
605
605
604
598
596
591
587
580
578
569
556
555
549
536
527
519
513
510
477
476
472
456
442
436
419
370
360
304
296
280
277
251
215
153
128
123
70
