26062
23599
11911
6103
5860
5159
4926
4698
4562
4554
4391
4368
4366
4077
4051
3987
3415
3267
3239
3236
3234
3042
2913
2898
2733
2655
2609
2604
2539
2516
2389
2266
2229
2201
2135
2125
2020
1933
1874
1795
1755
1711
1664
1664
1657
1590
1577
1566
1502
1449
1422
1420
1407
1397
1390
1367
1364
1334
1329
1308
1275
1243
1226
1190
1189
1163
1138
1097
1091
1071
1051
1051
1044
1033
1023
1021
992
972
959
928
894
864
831
822
820
764
759
741
724
715
679
665
648
631
616
580
547
538
504
497
418
412
406
307
287
208
