51925
48508
46493
45169
40172
39815
34953
34674
32624
32524
31450
28514
28499
28294
28085
27462
22465
21820
21237
21078
21025
19987
19280
17407
16012
15685
15528
13657
13492
13079
12303
11871
11590
9860
8878
8720
7722
7025
6944
6190
6035
5915
5790
5655
5594
5539
5293
5145
4827
4407
4339
4336
4279
4172
4115
4047
3981
3945
3907
3874
3855
3742
3673
3611
3585
3578
3557
3539
3421
3397
3381
3367
3312
3265
3240
3134
3107
3106
3099
3086
3066
3062
2842
2840
2802
2778
2693
2685
2643
2599
2513
2481
2445
2382
2378
2375
2357
2351
2337
2305
2208
2180
2152
2081
2072
2046
1966
1940
1918
1912
1897
1895
1839
1839
1836
1810
1798
1788
1776
1756
1714
1706
1680
1665
1663
1651
1631
1546
1536
1531
1520
1516
1513
1502
1491
1434
1429
1428
1428
1419
1405
1391
1376
1361
1336
1333
1330
1321
1316
1284
1268
1264
1264
1263
1254
1252
1252
1235
1233
1223
1178
1169
1132
1048
1012
935
933
918
893
864
837
832
828
828
813
803
797
782
778
742
721
718
708
683
648
645
642
636
627
624
622
610
609
496
464
425
