6103
4768
4554
4051
3661
3415
3234
3006
2913
2516
2389
2321
2260
2160
2135
1793
1579
1569
1566
1554
1535
1502
1502
1460
1430
1429
1407
1390
1382
1351
1291
1253
1195
1185
1147
1131
1097
1093
1086
1075
1063
1051
1027
1016
1009
969
967
966
964
850
831
828
824
818
801
760
724
715
712
671
666
654
646
642
616
614
609
604
603
597
596
595
591
584
578
575
571
571
568
568
567
556
551
547
540
528
521
504
461
460
447
420
418
413
412
403
390
386
386
377
374
372
361
358
356
324
317
298
288
278
258
254
247
235
212
194
116
98
