45468
35355
19578
19523
18981
18090
18018
16646
16419
13451
13247
13245
13170
12528
12369
12028
11268
10842
10626
9676
9562
9373
9372
9335
8652
8520
8220
8123
8097
8070
8064
7836
7653
7451
7406
7376
7037
6943
6856
6715
6551
6527
6498
6443
6295
6256
5862
5592
5533
5410
5403
5379
5310
5237
5071
4939
4798
4563
4479
4439
4366
4342
4287
4223
4154
4152
4145
4137
4086
4054
4016
3995
3987
3835
3797
3710
3676
3651
3623
3556
3540
3539
3521
3487
3464
3420
3323
3322
3297
3236
3200
3190
3187
3151
3090
3074
3047
3032
3024
2996
2992
2986
2953
2933
2907
2894
2885
2884
2858
2852
2820
2819
2770
2770
2744
2702
2687
2649
2621
2585
2568
2560
2545
2525
2502
2477
2466
2438
2387
2346
2342
2333
2320
2312
2296
2282
2261
2250
2247
2240
2232
2221
2195
2151
2147
2142
2139
2135
2127
2127
2080
2070
2066
2061
2044
2035
2035
2023
2015
2015
2009
1991
1975
1960
1955
1954
1947
1943
1929
1921
1915
1904
1890
1879
1878
1878
1837
1823
1822
1818
1817
1816
1786
1776
1771
1767
1726
1693
1691
1681
1677
1676
1669
1665
1663
1657
1652
1648
1644
1640
1639
1611
1593
1592
1585
1573
1568
1556
1551
1550
1542
1541
1532
1517
1502
1499
1497
1483
1476
1473
1466
1463
1458
1453
1452
1452
1450
1449
1447
1434
1433
1431
1424
1419
1415
1414
1405
1397
1396
1385
1380
1371
1368
1360
1354
1338
1334
1333
1326
1322
1315
1311
1300
1296
1293
1278
1278
1275
1273
1268
1267
1266
1264
1254
1246
1244
1238
1213
1211
1208
1205
1197
1197
1194
1190
1189
1186
1184
1178
1178
1178
1176
1168
1163
1162
1161
1161
1159
1158
1155
1137
1134
1133
1125
1122
1121
1118
1114
1108
1103
1097
1096
1090
1087
1086
1079
1079
1077
1071
1069
1062
1054
1053
1052
1050
1048
1047
1046
1043
1037
1018
1013
1007
1002
1001
1000
999
999
996
989
987
980
976
970
967
961
961
958
955
952
942
939
939
938
938
925
920
920
919
919
913
913
908
901
901
900
900
898
892
892
891
889
885
883
875
872
871
869
869
869
865
864
861
857
857
854
850
849
849
843
843
841
832
829
823
820
817
817
815
812
812
809
806
800
798
798
794
790
788
787
786
784
783
782
778
775
774
765
760
759
758
752
748
746
740
734
734
731
731
729
726
725
723
720
719
718
718
717
714
712
710
710
708
704
704
703
703
700
699
697
696
696
695
693
690
688
684
682
676
676
674
668
666
665
665
665
651
651
648
647
646
644
637
635
632
630
629
623
622
621
618
614
611
610
607
605
605
602
600
600
599
597
591
591
588
587
584
580
579
578
574
570
569
564
561
560
560
558
552
547
546
544
544
543
542
542
540
540
538
536
536
535
534
533
531
530
528
525
523
521
519
516
515
513
512
509
508
506
503
502
502
499
498
498
497
491
490
487
484
483
483
480
480
473
471
470
469
461
459
454
454
454
451
451
449
449
448
447
445
445
444
443
442
440
436
434
434
433
432
430
426
420
414
414
413
407
404
399
398
398
397
394
385
383
382
379
375
375
373
373
373
363
362
358
356
355
354
353
351
348
347
346
346
343
342
339
339
334
333
331
329
326
325
319
319
306
306
305
298
296
294
287
283
275
275
271
267
266
265
251
249
232
231
229
222
220
209
209
207
199
193
191
189
189
186
186
184
183
181
177
175
172
171
170
161
161
160
160
153
152
149
144
131
130
129
123
109
100
92
91
86
86
82
78
72
65
63
