22465
17823
15528
13657
13492
11871
11484
7802
7069
6973
6258
6061
5980
5857
5603
5539
5013
4926
4874
4775
4675
4563
4448
4278
4137
4101
3945
3760
3742
3710
3532
3175
3132
2840
2827
2613
2525
2455
2445
2441
2427
2425
2348
2278
2195
2188
2185
2092
2065
2062
2040
1960
1827
1805
1800
1795
1772
1715
1641
1546
1539
1534
1502
1499
1499
1494
1477
1451
1396
1389
1355
1352
1342
1308
1302
1270
1270
1266
1251
1227
1154
1148
1112
1097
1089
1058
1052
1051
1036
1000
996
990
979
915
904
898
892
882
878
821
799
776
770
744
719
659
651
637
632
618
618
574
559
555
543
533
499
484
470
