43632
26021
12203
10626
10379
9852
9335
8841
8498
7701
6906
6551
6322
6208
5857
5500
5472
5445
5403
5310
5263
4963
4832
4637
4502
4439
4360
4320
4073
3870
3842
3797
3623
3539
3521
3383
3367
3348
3168
3107
2892
2842
2751
2739
2725
2722
2653
2616
2566
2490
2477
2475
2466
2464
2447
2424
2409
2383
2340
2312
2247
2241
2221
2197
2160
2081
2065
2044
2030
2024
1910
1903
1883
1818
1811
1780
1774
1764
1705
1695
1687
1676
1645
1639
1633
1615
1591
1577
1563
1528
1524
1523
1522
1513
1513
1512
1508
1499
1476
1460
1457
1446
1443
1436
1430
1420
1404
1386
1355
1346
1332
1326
1313
1311
1299
1237
1184
1178
1170
1168
1168
1160
1160
1153
1145
1137
1135
1132
1121
1118
1110
1104
1086
1081
1075
1074
1066
1055
1054
1053
1039
1037
1034
1033
1033
1032
994
989
983
974
967
940
938
929
925
893
890
883
878
873
857
850
845
845
843
843
807
794
790
786
786
781
758
754
751
749
728
727
724
724
704
703
699
688
687
687
687
672
671
668
664
660
658
648
648
646
636
633
630
628
621
619
606
590
575
571
569
548
545
536
533
530
528
525
517
499
468
468
458
432
431
415
379
363
349
331
324
260
225
191
188
175
110
