87816
82975
45754
45033
43632
41140
35592
30818
26037
23691
22245
17618
16900
16117
15327
14729
14415
13812
13138
13047
12826
12650
12517
12454
12203
12061
12020
11766
11535
11163
11145
10977
10434
10418
10382
10371
10308
10284
10182
10035
9953
9852
9784
9604
9603
9564
9538
9383
9382
9298
9214
9103
9080
8878
8841
8768
8686
8544
8539
8526
8501
8487
8356
8104
7945
7942
7939
7932
7876
7845
7803
7802
7701
7684
7598
7557
7526
7511
7475
7437
7405
7403
7380
7337
7259
7238
7189
7141
7139
7069
6988
6925
6916
6905
6873
6823
6781
6672
6667
6596
6595
6580
6574
6548
6465
6461
6460
6432
6425
6381
6370
6330
6327
6143
5962
5937
5903
5879
5878
5865
5835
5791
5779
5768
5742
5679
5634
5620
5603
5600
5582
5577
5559
5518
5508
5425
5410
5404
5361
5355
5354
5342
5338
5317
5301
5300
5254
5246
5222
5196
5188
5179
5164
5161
5151
5151
5149
5148
5145
5142
5140
5139
5126
5101
5100
5097
5087
5065
5055
5037
5025
5013
4997
4986
4974
4968
4913
4906
4904
4876
4872
4856
4834
4834
4818
4816
4799
4795
4793
4768
4755
4748
4740
4740
4706
4637
4627
4618
4586
4583
4580
4557
4548
4540
4534
4527
4520
4515
4511
4496
4487
4486
4481
4466
4433
4417
4411
4411
4407
4405
4380
4377
4372
4353
4344
4342
4322
4320
4318
4284
4274
4252
4236
4227
4223
4208
4183
4177
4173
4161
4147
4145
4114
4108
4105
4098
4086
4085
4073
4056
4053
4026
4002
3993
3993
3992
3984
3981
3933
3933
3905
3890
3885
3852
3846
3842
3837
3832
3832
3802
3794
3794
3788
3768
3765
3765
3760
3739
3730
3728
3727
3703
3699
3699
3682
3670
3663
3656
3646
3628
3624
3621
3620
3607
3606
3589
3584
3569
3566
3565
3559
3556
3554
3539
3534
3531
3528
3515
3512
3512
3504
3497
3496
3493
3487
3486
3485
3481
3478
3478
3468
3466
3453
3442
3437
3401
3399
3395
3392
3389
3383
3372
3367
3362
3356
3355
3350
3343
3343
3342
3339
3331
3323
3294
3285
3274
3272
3268
3258
3255
3254
3225
3222
3220
3206
3203
3201
3200
3199
3197
3193
3185
3183
3182
3181
3178
3170
3156
3156
3155
3155
3146
3135
3134
3125
3123
3122
3122
3120
3117
3117
3113
3111
3107
3097
3096
3095
3092
3084
3076
3066
3064
3060
3047
3039
3024
3024
3014
2996
2993
2993
2992
2985
2982
2981
2977
2975
2969
2966
2964
2961
2958
2957
2949
2936
2933
2931
2929
2923
2922
2916
2916
2911
2911
2900
2884
2883
2882
2876
2869
2865
2861
2855
2851
2851
2851
2849
2848
2841
2840
2837
2830
2830
2821
2817
2810
2808
2804
2795
2792
2784
2781
2780
2779
2772
2771
2771
2771
2768
2766
2761
2760
2754
2752
2751
2751
2750
2743
2736
2736
2726
2702
2698
2698
2696
2690
2688
2687
2686
2681
2681
2673
2671
2671
2668
2665
2660
2656
2655
2647
2639
2633
2632
2632
2627
2623
2621
2618
2613
2608
2607
2601
2600
2598
2597
2590
2583
2578
2576
2571
2570
2567
2566
2564
2562
2560
2559
2558
2550
2550
2548
2547
2546
2540
2539
2536
2535
2535
2535
2533
2529
2525
2523
2523
2519
2517
2515
2515
2514
2512
2511
2509
2503
2500
2496
2493
2492
2490
2490
2488
2483
2482
2480
2479
2478
2476
2476
2475
2472
2468
2466
2463
2461
2457
2454
2452
2450
2448
2445
2442
2440
2437
2437
2431
2431
2427
2426
2424
2416
2414
2414
2411
2406
2404
2398
2391
2386
2385
2381
2378
2372
2371
2370
2366
2364
2357
2351
2350
2350
2350
2346
2342
2340
2336
2335
2332
2330
2329
2325
2324
2324
2321
2320
2319
2317
2312
2310
2308
2307
2307
2301
2298
2294
2292
2291
2290
2290
2288
2287
2284
2283
2282
2281
2281
2280
2277
2277
2276
2272
2272
2271
2271
2271
2267
2263
2261
2260
2260
2260
2259
2259
2255
2255
2252
2251
2248
2242
2242
2242
2232
2232
2221
2213
2212
2211
2210
2204
2203
2200
2199
2197
2197
2196
2195
2187
2186
2178
2174
2173
2172
2170
2170
2169
2169
2169
2165
2163
2162
2162
2161
2160
2159
2157
2157
2156
2155
2154
2153
2153
2136
2135
2134
2133
2129
2129
2121
2119
2113
2112
2110
2110
2110
2109
2107
2106
2105
2103
2103
2101
2100
2096
2092
2092
2088
2084
2083
2081
2080
2078
2077
2075
2073
2072
2066
2065
2065
2063
2062
2062
2061
2061
2060
2060
2058
2058
2056
2054
2053
2047
2047
2046
2042
2040
2040
2040
2036
2034
2032
2030
2030
2029
2027
2026
2026
2025
2025
2024
2024
2023
2020
2017
2015
2015
2012
2010
2010
2002
2002
2002
2000
2000
1999
1998
1998
1997
1995
1994
1992
1988
1985
1984
1980
1978
1976
1975
1974
1974
1972
1968
1968
1967
1965
1965
1965
1963
1963
1962
1960
1960
1960
1960
1960
1957
1953
1950
1947
1946
1941
1941
1940
1939
1939
1933
1931
1930
1927
1927
1924
1924
1920
1920
1917
1916
1914
1913
1913
1913
1912
1911
1910
1909
1908
1908
1908
1908
1907
1907
1904
1904
1903
1902
1902
1901
1899
1899
1899
1895
1895
1895
1893
1892
1891
1890
1889
1889
1887
1886
1885
1881
1880
1879
1879
1878
1878
1878
1876
1873
1870
1870
1867
1865
1863
1862
1861
1860
1860
1860
1859
1858
1854
1851
1850
1848
1845
1844
1844
1842
1842
1841
1839
1836
1835
1835
1833
1825
1824
1823
1823
1821
1821
1820
1817
1816
1814
1814
1813
1812
1808
1808
1806
1802
1802
1801
1801
1799
1798
1797
1796
1795
1793
1792
1790
1788
1786
1786
1783
1782
1780
1779
1779
1778
1778
1777
1777
1774
1772
1772
1772
1769
1769
1767
1764
1764
1764
1762
1759
1757
1755
1754
1753
1753
1752
1752
1751
1750
1747
1746
1745
1741
1741
1740
1740
1739
1738
1735
1735
1734
1734
1734
1734
1733
1733
1730
1730
1730
1729
1728
1728
1727
1727
1726
1724
1720
1720
1718
1718
1717
1717
1716
1715
1715
1714
1714
1713
1713
1712
1712
1711
1710
1707
1707
1707
1706
1705
1705
1704
1697
1697
1696
1696
1695
1694
1693
1692
1692
1692
1692
1691
1691
1691
1691
1690
1690
1688
1688
1687
1687
1687
1684
1682
1680
1680
1680
1679
1678
1678
1677
1676
1676
1675
1674
1674
1673
1671
1671
1669
1667
1665
1663
1661
1661
1660
1660
1660
1659
1659
1657
1657
1656
1653
1653
1653
1652
1652
1652
1651
1651
1647
1645
1645
1645
1645
1643
1642
1641
1640
1639
1638
1636
1632
1631
1627
1627
1627
1625
1624
1623
1622
1621
1620
1620
1619
1618
1618
1612
1611
1609
1609
1609
1609
1607
1605
1603
1603
1602
1602
1601
1599
1597
1596
1595
1594
1594
1593
1593
1592
1592
1591
1591
1591
1589
1589
1588
1588
1585
1584
1584
1584
1583
1582
1582
1581
1579
1578
1577
1576
1575
1575
1574
1572
1572
1570
1570
1569
1568
1568
1566
1562
1561
1561
1561
1560
1560
1560
1558
1558
1557
1557
1556
1556
1556
1555
1555
1554
1554
1554
1552
1552
1551
1551
1551
1551
1550
1550
1550
1548
1547
1547
1546
1544
1543
1541
1538
1536
1535
1534
1533
1533
1533
1532
1532
1531
1530
1530
1528
1528
1526
1526
1525
1524
1524
1524
1523
1523
1522
1519
1518
1518
1517
1517
1516
1515
1515
1515
1514
1514
1513
1513
1512
1510
1510
1509
1509
1507
1506
1505
1504
1504
1504
1504
1502
1502
1500
1500
1500
1499
1499
1498
1498
1498
1498
1498
1496
1495
1493
1492
1492
1490
1489
1489
1489
1488
1488
1488
1488
1488
1486
1486
1485
1484
1483
1483
1480
1479
1477
1477
1477
1473
1472
1471
1470
1469
1469
1469
1468
1468
1467
1466
1465
1465
1463
1463
1462
1462
1462
1461
1460
1459
1459
1458
1454
1453
1452
1452
1452
1451
1451
1447
1446
1446
1446
1445
1445
1445
1444
1444
1444
1443
1442
1442
1442
1441
1440
1439
1434
1433
1432
1432
1430
1430
1429
1429
1428
1427
1426
1425
1425
1424
1424
1423
1423
1423
1421
1420
1420
1420
1420
1420
1419
1418
1418
1416
1415
1415
1414
1414
1414
1413
1413
1411
1411
1410
1409
1409
1405
1403
1403
1400
1398
1398
1398
1398
1397
1396
1395
1394
1394
1390
1390
1390
1389
1389
1388
1387
1386
1386
1386
1385
1383
1383
1382
1382
1381
1380
1379
1378
1378
1377
1377
1376
1376
1376
1375
1374
1374
1373
1369
1369
1369
1369
1367
1364
1364
1364
1363
1363
1362
1362
1361
1361
1360
1360
1359
1359
1358
1358
1358
1358
1357
1356
1356
1356
1356
1354
1354
1354
1353
1353
1352
1351
1350
1350
1350
1349
1349
1349
1349
1347
1346
1346
1346
1344
1344
1344
1343
1343
1342
1341
1341
1338
1338
1338
1337
1336
1335
1335
1335
1334
1334
1333
1333
1333
1332
1332
1332
1331
1331
1329
1329
1328
1326
1326
1325
1324
1323
1322
1321
1320
1319
1319
1316
1316
1315
1315
1314
1313
1313
1311
1311
1311
1311
1309
1309
1308
1308
1308
1307
1307
1307
1305
1304
1304
1303
1303
1302
1302
1301
1300
1300
1299
1299
1297
1296
1295
1295
1294
1294
1294
1293
1293
1293
1293
1292
1290
1288
1287
1286
1285
1285
1284
1284
1283
1282
1282
1282
1281
1281
1280
1280
1278
1278
1278
1278
1277
1277
1277
1277
1277
1277
1276
1276
1275
1275
1275
1273
1273
1272
1272
1270
1270
1270
1269
1268
1268
1267
1266
1265
1264
1264
1263
1262
1260
1260
1260
1259
1259
1259
1258
1258
1257
1256
1255
1254
1254
1253
1253
1253
1251
1250
1250
1250
1250
1248
1248
1248
1247
1247
1247
1246
1245
1245
1243
1243
1242
1242
1242
1242
1240
1238
1236
1235
1234
1234
1233
1231
1231
1231
1231
1229
1229
1228
1227
1227
1227
1225
1225
1225
1224
1223
1221
1221
1220
1220
1219
1219
1219
1218
1218
1217
1217
1216
1214
1214
1214
1213
1212
1211
1211
1210
1210
1209
1209
1208
1208
1207
1206
1206
1205
1205
1205
1204
1203
1202
1202
1202
1202
1201
1200
1199
1198
1196
1196
1196
1195
1195
1193
1193
1193
1193
1192
1192
1192
1191
1190
1189
1188
1187
1187
1186
1184
1183
1183
1182
1182
1181
1181
1181
1181
1181
1181
1180
1179
1178
1178
1178
1177
1177
1177
1177
1177
1176
1176
1176
1175
1174
1174
1173
1173
1173
1172
1172
1172
1171
1171
1170
1170
1170
1170
1169
1169
1167
1167
1166
1166
1166
1165
1165
1165
1165
1164
1164
1164
1164
1162
1161
1161
1160
1160
1160
1160
1158
1158
1157
1157
1156
1156
1155
1154
1154
1153
1152
1152
1152
1152
1152
1152
1152
1152
1151
1151
1151
1151
1148
1148
1147
1147
1147
1145
1145
1145
1144
1144
1144
1143
1143
1142
1142
1142
1142
1141
1141
1140
1139
1138
1138
1138
1137
1137
1137
1136
1136
1136
1135
1135
1135
1135
1135
1134
1134
1134
1133
1133
1132
1132
1132
1132
1131
1131
1130
1130
1130
1130
1130
1129
1129
1128
1128
1127
1127
1127
1126
1126
1125
1125
1125
1124
1124
1124
1123
1122
1121
1118
1118
1118
1118
1117
1117
1116
1115
1115
1115
1114
1114
1113
1113
1113
1113
1113
1112
1112
1112
1111
1111
1110
1110
1109
1109
1108
1108
1108
1108
1105
1104
1104
1104
1103
1102
1102
1102
1101
1101
1101
1101
1101
1100
1100
1100
1099
1099
1099
1099
1098
1098
1098
1097
1096
1096
1096
1096
1095
1094
1094
1094
1093
1092
1092
1092
1092
1091
1091
1089
1088
1088
1087
1087
1087
1087
1086
1086
1086
1085
1084
1084
1082
1082
1082
1082
1081
1080
1079
1078
1078
1077
1077
1077
1077
1076
1076
1076
1076
1076
1075
1075
1075
1075
1074
1074
1073
1072
1071
1071
1070
1070
1070
1070
1070
1069
1069
1069
1068
1068
1068
1068
1066
1065
1065
1064
1064
1064
1064
1064
1062
1062
1062
1062
1061
1060
1060
1060
1059
1058
1058
1058
1058
1057
1057
1057
1057
1057
1056
1056
1055
1055
1055
1055
1055
1055
1054
1054
1054
1053
1053
1053
1053
1053
1053
1053
1052
1052
1051
1050
1050
1048
1048
1046
1046
1046
1045
1044
1044
1044
1043
1043
1042
1042
1042
1042
1042
1042
1040
1040
1040
1039
1038
1038
1037
1037
1036
1036
1035
1035
1035
1034
1034
1034
1034
1034
1033
1033
1033
1033
1032
1031
1031
1031
1029
1029
1029
1028
1028
1027
1027
1026
1025
1025
1024
1024
1023
1023
1023
1020
1020
1020
1019
1019
1018
1018
1018
1017
1017
1016
1016
1015
1015
1015
1014
1013
1013
1013
1012
1011
1011
1011
1011
1010
1010
1009
1009
1009
1009
1009
1009
1009
1008
1008
1007
1007
1006
1006
1006
1006
1004
1004
1004
1004
1004
1004
1003
1003
1003
1003
1002
1002
1002
1001
1001
1001
1000
1000
999
998
998
998
998
998
997
996
996
996
996
996
995
995
995
995
994
994
993
992
992
992
991
989
989
988
988
987
987
987
986
986
986
984
984
983
983
982
981
981
981
981
980
980
979
979
979
979
978
978
978
978
978
978
977
977
976
975
975
975
974
974
974
974
973
972
971
971
970
970
970
968
968
967
967
967
967
967
966
966
966
965
965
965
965
964
964
964
963
963
962
961
960
960
960
960
960
959
958
957
957
956
956
956
955
955
955
954
954
954
954
954
953
953
952
952
952
951
951
951
950
950
950
948
947
947
947
947
946
946
945
944
944
943
943
941
941
941
941
940
940
940
939
939
939
939
939
939
938
938
937
937
937
936
936
935
935
935
934
933
932
932
931
931
931
930
930
930
929
929
929
929
929
929
928
928
927
927
926
926
925
925
924
924
923
923
923
922
922
921
921
921
920
920
920
920
919
919
919
918
918
917
916
916
916
915
915
915
914
913
913
913
912
912
912
911
911
911
910
910
910
910
909
909
909
909
909
908
908
908
908
907
906
906
906
905
905
905
905
904
904
904
904
904
903
902
902
902
902
901
901
901
900
900
899
899
899
898
898
898
897
897
897
896
896
894
894
893
893
892
892
892
892
891
891
890
890
890
889
889
889
889
888
888
887
886
886
886
886
885
884
884
884
883
882
881
880
879
879
879
878
878
878
878
878
877
877
877
877
877
876
876
876
875
875
875
874
874
874
873
873
873
873
873
872
872
872
872
870
870
870
870
870
869
869
868
868
868
868
867
867
866
866
866
866
866
865
865
864
864
863
862
862
862
862
861
861
861
860
859
859
859
859
858
858
858
858
857
857
856
855
855
855
854
853
852
852
852
852
852
851
851
851
849
849
849
848
848
848
847
846
846
846
846
845
845
844
844
844
844
844
844
843
843
843
843
843
843
843
843
843
842
842
842
841
841
840
840
840
839
838
838
838
837
837
836
836
835
835
834
834
834
834
833
833
832
832
832
831
831
831
831
831
831
830
830
830
829
829
829
828
828
827
827
827
827
826
826
825
825
825
824
824
824
823
823
823
823
821
821
821
821
821
820
820
820
820
819
819
819
819
818
818
817
817
817
817
816
816
816
816
815
814
814
813
813
813
813
812
812
812
811
811
811
811
810
810
810
809
809
808
807
807
806
806
805
805
805
804
803
802
802
802
802
802
801
801
801
799
799
799
798
798
798
798
797
796
796
796
796
796
796
796
796
796
795
795
795
794
793
793
793
791
791
791
790
790
789
789
789
789
788
788
788
787
787
787
787
786
786
786
785
785
784
784
784
783
783
783
783
783
782
782
782
782
782
782
782
782
782
782
780
780
780
780
779
779
778
778
776
776
776
776
775
775
775
774
773
773
772
772
772
771
771
770
770
770
769
769
768
768
768
767
767
767
767
767
766
766
766
766
765
765
765
764
764
764
763
763
763
763
763
763
763
762
762
761
761
760
760
760
760
760
759
759
759
759
758
757
757
757
756
756
756
755
755
755
755
754
754
753
753
753
752
752
752
751
751
751
751
751
751
751
750
750
750
750
749
749
748
748
748
748
748
748
748
748
747
747
747
746
746
746
746
746
746
746
746
745
745
744
744
743
743
742
742
742
742
741
741
740
739
739
738
738
737
737
736
736
735
735
735
735
735
735
735
734
734
734
734
733
733
733
733
731
731
730
730
730
730
730
729
729
728
728
728
728
728
727
727
727
727
727
726
725
725
725
724
724
724
724
723
722
722
722
722
722
721
721
721
720
719
719
719
719
718
718
718
718
718
718
716
716
716
716
716
716
716
715
715
715
714
714
714
713
713
713
713
713
713
713
712
712
712
712
710
710
710
710
710
710
709
709
708
708
708
707
707
706
706
706
705
705
704
703
703
703
703
703
703
702
702
702
701
701
701
700
700
700
700
699
699
699
699
699
699
698
698
698
697
697
696
696
695
695
695
694
694
694
694
693
693
693
693
693
692
692
692
692
692
692
691
691
691
691
690
690
689
689
689
689
688
688
688
688
687
687
687
686
686
685
685
685
684
684
684
683
683
682
682
682
681
681
681
681
681
680
680
680
680
679
679
678
678
677
677
676
676
676
676
676
676
676
675
675
675
675
675
674
674
674
673
673
673
673
672
672
671
671
671
671
670
670
670
669
669
669
667
667
666
666
665
665
664
664
664
664
664
663
663
660
660
660
660
660
660
659
659
659
658
658
658
658
658
658
657
657
656
656
655
655
655
654
654
654
654
654
654
653
652
652
652
652
652
651
651
651
651
649
649
648
648
648
648
648
648
647
647
647
647
647
647
646
646
646
646
646
646
646
645
645
645
645
645
645
644
644
644
644
644
644
644
644
644
643
643
643
642
642
642
642
642
641
641
641
640
640
640
639
639
639
639
639
638
638
638
638
637
637
637
637
637
636
635
635
635
635
635
634
634
634
634
633
633
633
633
632
631
631
631
631
630
630
630
629
629
629
629
629
629
628
628
628
628
627
627
627
626
626
626
626
625
625
625
625
625
625
624
624
623
623
623
623
623
623
623
623
622
622
621
621
621
621
621
621
621
620
620
620
619
619
619
618
618
618
618
618
618
617
617
617
617
616
616
616
616
616
616
616
615
615
615
615
614
614
613
613
613
613
613
613
613
612
612
612
612
611
610
610
610
610
609
609
608
607
606
606
606
606
606
605
605
605
605
604
604
604
604
603
603
603
603
603
602
602
602
602
601
601
600
600
600
600
599
599
599
598
598
598
598
597
597
597
596
596
595
595
593
592
592
592
592
591
591
591
591
590
590
589
589
589
589
588
588
588
587
587
587
587
587
586
586
585
584
584
584
583
583
583
582
582
582
581
581
581
581
581
581
580
580
580
580
579
579
578
578
578
578
578
578
576
576
576
576
575
575
575
574
574
574
574
573
573
573
573
573
573
572
572
572
572
571
571
571
570
568
568
567
567
565
565
564
564
563
563
562
562
562
561
561
561
561
561
560
559
559
559
559
558
558
558
557
557
557
557
557
557
556
556
556
556
555
555
555
555
554
554
553
553
552
552
552
552
552
551
551
551
551
550
550
550
550
549
549
549
548
548
547
547
546
546
546
545
545
545
544
544
544
543
543
542
541
541
541
541
541
541
541
540
540
540
539
539
539
538
538
538
538
538
537
537
537
536
536
536
536
535
535
535
534
534
534
534
533
533
532
532
532
532
531
531
530
530
529
528
528
528
528
527
527
527
527
527
527
526
526
526
526
525
525
525
525
524
524
524
524
524
523
523
523
522
522
521
521
521
521
521
521
520
520
519
519
519
518
518
518
518
517
517
517
517
516
516
515
515
515
515
515
514
514
514
513
513
513
513
512
512
512
511
511
511
511
510
510
510
509
509
509
509
509
509
509
509
508
508
508
508
508
507
507
507
507
507
506
506
505
505
505
505
505
505
504
503
503
503
502
502
501
501
501
501
500
500
500
499
499
498
498
498
498
497
497
497
496
496
496
495
495
495
494
494
494
494
494
494
493
493
493
493
493
493
493
492
492
492
492
492
491
491
490
490
489
489
488
488
487
487
486
486
486
486
485
485
485
485
484
484
484
483
482
482
481
481
481
481
480
479
479
478
477
477
477
476
476
475
475
474
474
474
474
473
473
473
473
472
472
472
472
472
471
471
471
470
470
469
469
469
469
469
468
468
468
468
468
468
466
466
466
466
466
465
465
465
464
464
463
462
462
462
461
461
460
460
460
460
459
459
459
459
459
458
458
458
456
456
456
455
454
454
454
454
453
453
453
453
453
453
453
453
452
451
450
450
450
449
449
449
448
448
448
447
447
446
445
445
445
445
444
444
444
443
442
442
442
442
442
441
441
441
441
441
440
440
439
438
438
438
438
437
437
436
435
435
435
435
434
434
434
434
434
433
433
433
432
432
432
432
432
432
431
431
431
431
431
430
430
430
429
429
428
428
428
427
427
427
426
426
425
425
425
424
424
424
424
422
422
421
421
421
420
420
420
420
419
419
419
418
418
418
418
418
418
417
417
416
416
416
415
415
415
414
413
413
412
412
412
411
411
411
410
410
410
408
408
408
407
406
406
406
406
406
405
404
404
404
403
403
402
401
401
401
400
399
399
398
398
398
398
398
398
397
397
396
396
395
395
395
395
395
393
393
393
393
392
392
392
392
391
391
390
390
389
389
389
388
388
387
387
387
386
386
386
386
385
384
384
384
383
382
381
381
381
381
381
381
381
380
380
379
379
378
378
378
378
377
377
377
376
376
376
376
375
375
374
374
374
373
373
373
373
373
373
372
372
372
371
371
370
370
369
369
368
368
367
367
366
365
364
364
363
363
362
362
361
360
360
359
359
359
358
358
358
358
358
357
355
355
355
354
354
354
354
354
354
353
353
352
352
351
351
351
351
351
350
350
350
349
349
349
348
347
347
346
346
346
345
345
344
344
343
343
342
342
341
340
340
340
339
339
338
338
338
337
337
337
336
336
336
334
333
333
333
333
333
333
332
332
332
332
332
331
331
331
331
329
328
326
326
325
325
325
325
324
324
323
322
322
322
322
320
320
320
320
319
319
319
318
318
317
317
317
315
315
315
314
312
312
312
311
311
311
310
310
309
308
308
308
308
308
306
305
305
303
302
301
301
301
301
301
300
298
297
296
296
294
294
293
292
292
290
290
289
288
287
287
286
285
285
284
284
284
283
282
282
282
281
280
279
279
278
277
276
276
276
275
275
275
275
274
274
273
273
271
270
270
269
267
267
266
266
265
263
263
263
263
262
262
262
261
261
261
260
260
260
260
260
259
259
258
258
257
257
256
256
253
253
253
252
251
251
250
250
250
250
249
248
248
246
246
245
245
244
243
242
242
241
240
238
236
236
236
235
235
234
234
233
233
232
232
232
232
231
228
227
227
227
226
226
225
223
223
221
221
219
219
218
217
216
216
216
212
212
212
210
210
207
207
206
203
201
201
200
199
195
195
193
193
192
192
189
189
186
185
184
184
184
183
180
178
178
176
175
175
173
172
171
170
170
168
168
168
168
167
167
163
162
161
161
160
159
157
157
156
155
155
153
153
153
152
152
149
149
146
146
145
144
143
143
142
142
142
141
139
138
138
136
136
135
134
133
130
128
126
121
120
119
116
115
114
114
110
110
109
109
104
104
102
101
100
100
98
96
95
94
91
91
87
86
85
82
80
77
77
73
63
61
60
58
51
19
0
0
