35592
28941
24848
21152
19401
18090
15016
14186
13657
13451
12196
11627
11163
10842
8841
7704
7380
7259
6964
6715
6311
6258
5790
5582
5445
5355
5293
5139
5117
5099
4791
4447
4272
4147
4123
4016
3981
3907
3856
3742
3557
3521
3480
3462
3367
3356
3314
3312
3236
3119
3107
3107
3090
3003
2916
2869
2855
2779
2778
2702
2698
2632
2509
2490
2482
2477
2463
2441
2411
2407
2401
2387
2383
2357
2346
2340
2329
2312
2278
2250
2232
2213
2196
2163
2162
2122
2080
2072
2070
2065
2047
1999
1980
1980
1955
1908
1858
1858
1845
1844
1839
1837
1798
1774
1766
1738
1701
1697
1687
1680
1652
1645
1641
1633
1594
1588
1577
1575
1561
1554
1550
1530
1524
1522
1517
1513
1513
1489
1478
1477
1475
1471
1468
1466
1452
1431
1422
1408
1396
1385
1377
1376
1375
1374
1369
1359
1352
1346
1343
1337
1333
1332
1329
1314
1313
1284
1278
1261
1258
1250
1238
1208
1202
1199
1197
1192
1181
1168
1163
1160
1160
1157
1153
1147
1138
1108
1104
1103
1101
1096
1091
1085
1084
1076
1075
1075
1074
1073
1070
1062
1057
1046
1042
1037
1035
1034
1032
1020
1012
1010
1003
1001
978
973
954
946
941
938
938
932
923
915
915
901
890
889
883
874
860
855
846
843
837
833
828
821
820
816
805
803
796
795
793
787
780
778
769
758
758
755
741
738
735
734
710
708
708
708
703
703
702
702
699
689
684
681
676
676
672
670
664
664
663
658
655
654
653
651
651
648
647
644
642
639
637
637
634
629
628
618
614
613
613
610
608
605
592
591
591
585
581
580
578
576
576
575
573
572
565
558
556
554
551
549
540
538
536
536
536
531
527
522
521
513
504
504
502
500
499
499
489
488
487
479
476
473
473
472
472
472
468
459
453
451
451
450
442
435
433
433
425
420
391
386
381
378
377
371
338
337
332
331
309
307
300
280
279
260
248
247
232
229
209
197
193
189
168
167
155
141
136
126
118
114
105
105
100
94
73
69
66
53
42
