19523
13451
11871
7802
7380
7259
6964
6461
6258
5501
5485
5445
5117
5065
4940
4887
4405
4344
3699
3521
3480
3329
3275
3044
2964
2961
2916
2855
2667
2632
2566
2502
2475
2446
2442
2350
2329
2291
2280
2277
2250
2213
2181
2165
2146
2070
2068
2065
2046
2029
2016
2009
1942
1899
1866
1845
1839
1817
1766
1739
1734
1701
1681
1680
1672
1657
1652
1633
1627
1562
1554
1544
1526
1522
1506
1484
1483
1483
1477
1476
1468
1464
1462
1452
1431
1429
1424
1420
1396
1351
1341
1338
1337
1332
1329
1325
1314
1313
1309
1305
1304
1299
1287
1279
1276
1269
1266
1258
1252
1250
1248
1247
1247
1243
1238
1230
1228
1223
1218
1218
1208
1202
1198
1192
1191
1190
1188
1186
1176
1166
1166
1165
1161
1160
1147
1142
1138
1108
1103
1101
1098
1096
1084
1081
1076
1070
1062
1057
1054
1054
1052
1046
1042
1035
1034
1020
1012
1010
1006
1001
1001
992
989
988
982
978
978
976
972
954
941
938
931
926
924
923
915
912
910
889
878
868
865
859
859
857
856
855
846
845
843
838
820
816
812
804
795
793
787
781
780
772
770
769
764
759
747
735
734
721
717
713
712
710
707
703
703
700
699
685
684
683
680
680
678
675
674
670
667
664
664
663
652
651
651
648
647
647
642
641
637
636
632
630
629
627
624
622
621
613
613
613
610
606
606
605
604
602
601
593
591
586
583
583
581
579
579
575
574
572
572
570
570
568
568
561
557
557
556
554
549
549
548
547
544
541
538
533
531
527
525
522
519
516
513
513
503
502
500
496
494
480
476
465
460
454
453
451
450
450
449
446
443
442
442
438
436
436
435
429
426
424
424
422
420
420
413
408
404
398
397
391
386
386
377
377
373
373
365
364
360
346
343
340
335
333
328
326
324
319
313
311
302
299
294
294
294
291
283
279
275
271
257
248
246
235
232
232
214
199
189
188
186
162
138
118
94
