28941
16177
13451
10308
10116
9595
8878
8841
8720
8535
8382
7437
7381
7376
6715
6061
6035
5580
5533
5345
5292
5179
5172
5074
4447
4342
4177
4145
4086
3888
3811
3663
3572
3539
3314
2965
2884
2830
2828
2476
2455
2411
2249
2208
2196
2146
2139
2122
2076
2002
2002
1933
1878
1865
1862
1843
1839
1837
1798
1663
1621
1530
1512
1497
1466
1377
1355
1301
1252
1238
1212
1168
1163
1155
1117
1096
1080
1075
1075
1034
1021
1012
996
988
970
927
919
915
780
778
771
758
717
712
700
684
651
628
621
583
550
491
472
421
420
396
361
343
294
280
240
210
