63297
42947
39065
25061
23822
23443
22163
19841
17931
17903
17539
17194
16320
16101
15896
15378
15245
14846
14662
14353
13864
13861
13576
12785
12569
12540
12364
12057
12035
11747
11728
11010
10958
10477
10445
10291
10043
9991
9991
9856
9809
9730
9607
9565
9527
9449
9338
9190
8958
8684
8489
8392
8359
8312
8174
8167
8131
8036
7986
7755
7744
7703
7664
7659
7642
7602
7588
7581
7568
7388
7387
7295
7210
7190
7159
7128
7004
6991
6919
6866
6803
6791
6736
6719
6675
6654
6647
6640
6607
6494
6466
6424
6423
6329
6321
6320
6285
6246
6211
6201
6191
6186
6166
6145
6124
6123
6092
6070
6059
6057
6048
5971
5971
5967
5937
5919
5909
5906
5890
5846
5835
5828
5816
5762
5744
5665
5639
5631
5604
5593
5590
5573
5517
5511
5481
5470
5454
5429
5382
5358
5298
5240
5229
5228
5210
5193
5192
5023
5021
5018
5000
4989
4978
4962
4945
4904
4862
4856
4823
4793
4779
4758
4754
4701
4692
4666
4663
4656
4655
4646
4644
4619
4607
4587
4542
4504
4490
4485
4476
4457
4439
4430
4422
4416
4410
4381
4373
4317
4297
4283
4282
4276
4260
4253
4229
4228
4218
4188
4184
4179
4157
4130
4125
4106
4101
4072
4070
4055
4053
4049
4045
4043
4041
4035
4031
4025
4022
4017
3927
3909
3903
3901
3893
3886
3870
3865
3864
3859
3859
3851
3844
3827
3815
3809
3802
3795
3794
3793
3792
3788
3748
3748
3740
3737
3732
3731
3731
3721
3718
3696
3696
3695
3684
3676
3649
3649
3641
3636
3631
3607
3603
3603
3600
3599
3598
3587
3583
3571
3566
3562
3559
3555
3555
3549
3540
3523
3521
3521
3511
3510
3500
3490
3483
3469
3462
3461
3456
3456
3438
3437
3431
3431
3430
3428
3407
3404
3404
3403
3396
3391
3389
3386
3385
3369
3368
3364
3361
3359
3357
3347
3345
3325
3322
3315
3314
3309
3276
3275
3271
3264
3260
3259
3243
3233
3233
3233
3211
3211
3209
3203
3200
3199
3197
3192
3190
3184
3183
3179
3170
3165
3162
3144
3136
3132
3129
3122
3122
3082
3081
3077
3069
3069
3067
3064
3063
3055
3049
3045
3039
3038
3036
3035
3033
3031
3029
3025
3021
3020
3017
3016
2999
2993
2993
2986
2956
2949
2943
2943
2942
2932
2927
2927
2926
2924
2918
2917
2899
2897
2890
2890
2883
2881
2879
2875
2874
2872
2871
2865
2865
2863
2862
2861
2856
2854
2852
2849
2845
2844
2843
2840
2838
2837
2834
2816
2808
2802
2801
2797
2796
2795
2792
2787
2784
2778
2777
2775
2770
2766
2762
2761
2761
2758
2757
2756
2752
2751
2750
2749
2738
2737
2735
2734
2734
2730
2730
2728
2727
2725
2723
2716
2715
2713
2709
2702
2701
2701
2700
2699
2698
2698
2694
2694
2692
2692
2689
2679
2678
2676
2671
2662
2661
2661
2645
2644
2644
2642
2642
2640
2639
2637
2635
2632
2621
2620
2618
2617
2613
2600
2597
2595
2593
2593
2586
2580
2578
2574
2570
2570
2570
2569
2568
2566
2559
2557
2556
2555
2555
2553
2551
2545
2543
2540
2536
2535
2534
2533
2529
2527
2526
2526
2526
2520
2516
2510
2508
2495
2490
2490
2488
2485
2483
2482
2472
2471
2466
2463
2459
2457
2456
2455
2452
2450
2447
2445
2445
2443
2437
2437
2436
2436
2431
2430
2430
2427
2425
2422
2422
2420
2418
2414
2414
2412
2409
2407
2404
2402
2400
2397
2397
2397
2395
2394
2391
2377
2374
2373
2371
2369
2367
2366
2364
2361
2359
2359
2357
2357
2357
2354
2354
2348
2344
2343
2341
2337
2332
2330
2329
2327
2324
2323
2320
2318
2317
2315
2311
2311
2308
2307
2305
2304
2303
2292
2289
2287
2286
2286
2285
2285
2275
2273
2273
2271
2269
2266
2261
2244
2242
2242
2242
2239
2235
2231
2229
2228
2228
2226
2225
2223
2221
2219
2217
2212
2212
2212
2211
2208
2204
2203
2201
2199
2197
2195
2193
2193
2192
2191
2191
2188
2185
2183
2182
2181
2177
2175
2174
2174
2171
2170
2168
2168
2165
2156
2155
2154
2149
2145
2138
2134
2131
2130
2130
2128
2127
2126
2126
2123
2120
2119
2117
2115
2112
2111
2107
2106
2105
2103
2102
2101
2101
2100
2100
2099
2097
2096
2094
2089
2086
2086
2085
2082
2079
2077
2077
2077
2077
2076
2075
2074
2073
2073
2073
2073
2065
2064
2064
2063
2062
2054
2053
2050
2048
2047
2046
2043
2042
2037
2035
2031
2030
2025
2024
2022
2022
2018
2012
2011
2007
2007
2005
2005
2005
2003
2000
2000
1997
1996
1996
1991
1991
1986
1985
1983
1979
1976
1976
1975
1974
1973
1969
1967
1967
1964
1964
1960
1960
1960
1957
1957
1957
1956
1954
1952
1951
1951
1951
1951
1950
1950
1949
1948
1943
1942
1942
1941
1939
1939
1939
1931
1931
1931
1929
1928
1926
1925
1923
1920
1916
1915
1915
1914
1913
1911
1908
1906
1905
1903
1902
1901
1900
1898
1895
1895
1894
1894
1894
1892
1891
1889
1888
1888
1886
1886
1885
1884
1883
1882
1882
1881
1880
1880
1879
1879
1876
1875
1871
1866
1866
1865
1864
1863
1863
1863
1861
1860
1859
1859
1857
1856
1856
1853
1853
1853
1851
1849
1848
1846
1846
1845
1845
1845
1841
1839
1838
1838
1837
1836
1836
1834
1833
1831
1829
1828
1828
1827
1827
1826
1826
1824
1823
1822
1821
1820
1820
1820
1820
1819
1816
1816
1815
1815
1812
1812
1811
1810
1810
1809
1806
1805
1804
1804
1803
1803
1801
1798
1796
1795
1794
1792
1790
1788
1786
1786
1786
1783
1782
1782
1777
1777
1775
1773
1773
1772
1770
1768
1768
1767
1767
1766
1764
1764
1764
1763
1761
1760
1758
1758
1757
1756
1755
1755
1754
1753
1751
1751
1751
1750
1747
1747
1746
1745
1745
1745
1743
1743
1739
1739
1739
1739
1737
1735
1733
1732
1731
1730
1729
1729
1728
1727
1726
1724
1724
1723
1723
1722
1721
1718
1716
1716
1714
1710
1705
1704
1704
1702
1701
1700
1700
1699
1697
1697
1696
1696
1693
1692
1692
1690
1685
1685
1684
1684
1680
1677
1676
1675
1673
1673
1672
1672
1671
1669
1669
1668
1668
1667
1667
1663
1662
1661
1658
1658
1658
1657
1656
1656
1654
1653
1648
1647
1646
1644
1643
1642
1640
1639
1638
1637
1637
1634
1634
1633
1631
1631
1630
1630
1629
1628
1628
1628
1627
1623
1622
1622
1622
1621
1616
1615
1615
1613
1611
1611
1611
1609
1607
1605
1605
1604
1603
1603
1603
1602
1602
1601
1599
1598
1598
1597
1596
1596
1593
1592
1591
1591
1589
1588
1587
1583
1582
1582
1581
1580
1579
1579
1579
1579
1576
1576
1576
1575
1574
1574
1574
1572
1572
1569
1568
1566
1566
1565
1565
1564
1564
1563
1562
1561
1560
1560
1559
1557
1557
1556
1556
1554
1552
1552
1552
1551
1548
1547
1546
1546
1545
1544
1544
1543
1543
1542
1539
1538
1536
1536
1535
1534
1532
1532
1532
1531
1531
1530
1529
1529
1528
1525
1521
1521
1519
1518
1518
1517
1515
1513
1512
1511
1510
1509
1508
1507
1507
1506
1503
1503
1501
1501
1501
1498
1497
1497
1497
1491
1491
1491
1490
1490
1488
1487
1487
1486
1486
1485
1484
1483
1482
1481
1481
1480
1480
1480
1480
1480
1479
1478
1477
1477
1476
1476
1475
1475
1474
1473
1473
1473
1470
1469
1469
1468
1466
1466
1464
1463
1463
1463
1462
1461
1461
1461
1458
1457
1457
1456
1454
1454
1453
1452
1450
1449
1446
1445
1445
1445
1445
1443
1441
1440
1440
1440
1439
1439
1439
1438
1437
1436
1436
1435
1434
1434
1432
1432
1431
1431
1430
1429
1429
1427
1427
1426
1426
1426
1424
1422
1422
1421
1421
1420
1420
1417
1417
1415
1414
1414
1413
1413
1410
1409
1409
1408
1407
1407
1407
1406
1402
1402
1401
1401
1401
1400
1399
1397
1397
1396
1395
1395
1394
1394
1393
1393
1392
1392
1392
1392
1390
1390
1389
1388
1386
1385
1385
1385
1384
1384
1382
1382
1381
1381
1380
1380
1379
1379
1379
1379
1378
1378
1376
1375
1374
1374
1373
1373
1373
1371
1371
1371
1371
1370
1370
1369
1369
1368
1368
1367
1367
1366
1365
1365
1363
1363
1362
1362
1359
1356
1355
1355
1354
1353
1352
1352
1351
1351
1350
1350
1350
1350
1349
1348
1348
1348
1347
1347
1347
1346
1345
1345
1345
1344
1340
1340
1340
1339
1339
1338
1338
1337
1336
1336
1335
1332
1331
1331
1331
1330
1328
1328
1328
1328
1327
1327
1327
1326
1325
1323
1321
1321
1320
1320
1318
1316
1316
1315
1315
1314
1313
1312
1312
1311
1309
1309
1308
1307
1307
1306
1305
1305
1304
1304
1302
1302
1301
1301
1301
1300
1300
1299
1299
1298
1297
1297
1295
1295
1294
1294
1294
1293
1293
1293
1293
1292
1292
1291
1291
1290
1290
1288
1288
1287
1287
1286
1285
1284
1283
1283
1283
1282
1282
1281
1279
1278
1278
1278
1278
1278
1276
1276
1275
1273
1273
1272
1272
1270
1269
1269
1268
1268
1268
1267
1266
1266
1266
1265
1265
1263
1262
1261
1260
1259
1259
1258
1256
1255
1254
1253
1252
1252
1252
1252
1251
1250
1250
1249
1249
1248
1247
1245
1245
1244
1244
1244
1241
1239
1239
1238
1238
1238
1238
1238
1238
1237
1236
1236
1235
1235
1235
1235
1235
1235
1235
1234
1234
1234
1233
1232
1232
1231
1231
1231
1231
1230
1230
1230
1230
1229
1229
1229
1228
1228
1228
1227
1226
1226
1224
1224
1223
1223
1223
1221
1219
1219
1218
1217
1217
1217
1217
1217
1217
1216
1215
1213
1213
1212
1212
1212
1209
1209
1209
1207
1207
1205
1205
1204
1204
1204
1203
1203
1203
1203
1202
1202
1202
1201
1201
1200
1199
1199
1198
1197
1197
1197
1196
1195
1195
1194
1194
1192
1192
1191
1191
1191
1189
1188
1187
1187
1187
1187
1186
1182
1181
1181
1181
1179
1179
1178
1178
1176
1176
1176
1174
1174
1174
1173
1173
1172
1171
1170
1170
1169
1169
1168
1168
1167
1167
1167
1166
1166
1166
1166
1165
1165
1164
1163
1163
1162
1161
1161
1160
1160
1160
1159
1159
1158
1158
1156
1155
1155
1155
1155
1154
1154
1154
1154
1154
1153
1152
1152
1151
1151
1150
1150
1149
1148
1148
1148
1148
1148
1148
1147
1147
1147
1147
1146
1146
1146
1144
1144
1144
1143
1142
1141
1141
1141
1140
1140
1140
1139
1139
1138
1138
1138
1138
1136
1135
1135
1134
1134
1134
1134
1133
1132
1132
1132
1131
1129
1129
1129
1129
1129
1128
1128
1127
1126
1126
1125
1125
1124
1124
1124
1124
1124
1123
1123
1122
1122
1121
1121
1121
1121
1120
1120
1119
1116
1116
1115
1115
1115
1114
1114
1114
1114
1113
1113
1113
1112
1112
1112
1112
1111
1109
1109
1109
1109
1109
1108
1108
1108
1108
1107
1107
1107
1107
1107
1106
1106
1106
1106
1106
1106
1106
1106
1106
1106
1106
1106
1105
1105
1105
1105
1105
1105
1104
1104
1103
1103
1102
1101
1101
1100
1100
1100
1099
1099
1099
1098
1097
1097
1096
1096
1095
1095
1095
1095
1095
1094
1094
1094
1094
1094
1093
1093
1092
1092
1091
1091
1091
1090
1090
1090
1090
1089
1089
1089
1087
1085
1085
1085
1084
1084
1084
1083
1082
1082
1080
1080
1080
1080
1080
1078
1078
1078
1078
1077
1077
1077
1076
1075
1075
1075
1075
1074
1074
1073
1073
1073
1072
1072
1072
1071
1071
1069
1068
1068
1067
1066
1066
1066
1065
1065
1065
1065
1064
1064
1063
1062
1061
1061
1061
1061
1060
1060
1060
1059
1059
1059
1057
1056
1056
1056
1054
1054
1054
1053
1053
1053
1053
1052
1051
1051
1051
1050
1050
1050
1049
1049
1049
1048
1048
1048
1048
1047
1047
1047
1045
1045
1045
1044
1044
1044
1044
1043
1043
1043
1042
1042
1042
1041
1041
1041
1041
1039
1038
1038
1037
1036
1036
1035
1034
1034
1033
1032
1031
1030
1030
1029
1028
1027
1027
1026
1026
1026
1026
1025
1025
1025
1025
1025
1025
1024
1024
1023
1023
1022
1022
1022
1022
1022
1021
1020
1020
1019
1019
1018
1018
1017
1015
1015
1014
1014
1014
1013
1013
1013
1012
1012
1012
1012
1012
1011
1011
1011
1010
1010
1009
1009
1009
1008
1007
1006
1006
1006
1005
1005
1005
1004
1004
1004
1003
1002
1002
1001
1001
1000
1000
1000
1000
999
999
999
999
998
998
998
997
997
996
995
995
995
995
995
995
994
994
994
994
993
993
993
993
993
993
992
992
992
992
991
991
991
991
990
990
989
989
989
989
987
987
987
987
987
986
986
985
984
984
983
983
982
982
982
981
980
980
978
978
976
974
973
972
972
971
971
971
970
970
969
969
969
968
967
967
967
966
966
966
965
965
963
962
961
961
961
961
959
959
958
958
958
958
957
957
956
956
956
956
955
955
955
954
954
954
952
952
951
951
949
949
948
948
946
945
945
944
943
943
943
942
941
941
941
941
940
940
939
939
939
939
939
939
938
938
937
937
937
936
936
935
935
935
935
934
933
933
933
933
932
931
931
931
931
930
930
930
929
929
929
929
927
927
927
927
926
926
926
925
925
925
925
923
922
922
921
920
920
920
920
920
920
920
919
919
919
918
918
918
918
916
916
915
915
915
915
915
914
914
914
914
913
912
911
911
911
909
908
908
908
908
908
907
906
906
906
906
906
906
905
905
904
904
904
903
903
903
903
902
902
902
901
900
900
900
900
899
899
898
898
897
896
896
896
896
895
893
893
892
891
891
890
890
890
890
889
889
888
887
887
887
886
886
885
885
885
884
883
883
882
882
882
882
882
881
881
881
880
880
880
880
879
879
879
879
879
879
878
878
877
876
876
876
876
875
875
875
875
874
873
872
872
872
872
872
872
871
871
871
871
871
870
870
870
870
870
869
868
868
867
867
866
866
866
866
865
865
865
865
865
863
863
862
862
862
861
861
861
860
859
859
859
859
859
859
858
858
858
858
857
857
857
857
856
856
856
856
856
855
855
855
855
853
853
853
853
852
851
851
851
850
850
850
849
849
849
848
847
846
846
845
845
844
844
844
843
842
841
841
841
840
840
840
840
839
839
839
838
838
838
838
837
836
836
835
835
835
834
834
834
834
834
834
834
833
833
833
832
832
832
831
831
831
830
830
830
830
830
830
829
829
829
829
828
828
827
827
827
827
827
826
825
825
825
825
825
825
825
825
824
823
823
822
822
822
822
821
821
821
820
820
820
820
820
820
820
819
819
818
818
818
817
817
817
817
817
817
817
816
815
815
815
815
814
814
813
813
812
812
812
811
811
810
810
810
810
809
809
809
809
809
808
808
807
807
807
807
806
806
806
805
805
804
804
804
803
803
803
802
802
801
801
801
801
800
799
799
799
798
798
798
798
798
797
797
797
797
797
796
796
796
795
795
795
794
794
793
793
793
793
792
791
790
790
790
789
789
789
789
789
788
788
788
787
787
787
786
785
785
785
784
784
783
783
783
783
783
783
783
783
782
782
781
781
780
780
780
779
779
779
778
778
777
777
777
777
776
776
776
775
774
774
774
774
773
773
773
773
772
772
772
772
771
771
771
770
770
770
769
769
769
769
769
769
769
768
768
768
768
768
767
767
767
767
766
766
765
765
765
764
764
764
764
764
764
763
763
763
763
762
762
762
762
761
761
761
761
761
760
760
760
759
759
759
758
758
758
758
758
758
757
757
757
757
757
757
756
756
755
755
755
755
754
754
754
754
754
754
754
753
753
753
753
753
753
752
752
752
752
750
750
750
750
750
749
749
749
749
749
749
748
748
747
746
746
746
746
746
745
744
744
744
743
743
743
742
742
741
741
741
740
739
739
739
739
739
739
738
738
738
737
736
736
736
736
735
735
735
734
734
734
734
733
733
732
731
731
730
730
730
729
729
729
729
729
729
728
728
728
728
728
727
727
727
727
727
726
726
726
726
726
726
726
725
725
724
724
724
723
723
723
723
723
723
722
722
722
722
721
721
721
720
720
718
718
718
718
717
717
717
716
716
716
716
716
716
716
715
715
714
714
714
713
713
713
713
712
712
712
712
711
711
711
711
710
710
710
709
709
708
707
707
707
707
706
706
706
706
705
704
704
704
704
703
703
703
703
702
702
702
702
702
702
702
701
700
700
700
700
700
700
700
700
700
699
699
699
699
698
698
698
698
698
698
698
697
697
697
696
696
695
695
694
694
694
694
694
693
693
693
693
692
692
692
692
691
691
690
689
689
689
688
688
688
688
688
688
687
687
687
686
686
686
686
686
685
685
685
685
685
684
684
684
683
682
682
681
681
681
681
681
681
681
681
680
680
680
679
679
679
679
678
678
678
677
677
677
677
677
676
676
676
675
674
674
674
673
673
672
672
671
671
671
671
671
670
670
670
670
670
670
669
668
668
668
667
667
667
667
667
667
666
665
665
665
665
664
664
664
664
663
663
663
663
663
662
662
662
662
662
662
662
661
661
661
661
661
661
661
660
660
660
660
660
660
660
660
660
659
659
659
658
658
658
658
657
657
657
657
657
656
656
656
656
655
655
655
655
655
655
654
654
654
654
654
654
653
653
653
653
652
652
652
652
652
652
652
652
652
652
651
651
651
651
651
651
651
651
650
650
650
650
650
650
649
649
649
649
649
649
649
649
648
648
648
648
648
648
647
647
647
647
647
646
646
646
645
645
645
645
645
645
644
644
643
643
643
643
643
642
642
642
642
642
642
641
641
641
641
641
641
641
640
640
640
640
639
639
639
639
639
639
639
638
638
638
638
637
637
637
637
636
636
636
636
636
636
636
635
635
635
635
635
635
635
635
635
635
634
634
634
634
634
634
633
633
633
633
632
632
631
631
631
631
631
631
631
631
630
630
630
629
629
629
629
629
629
629
628
628
628
627
627
627
627
627
626
626
626
626
626
626
626
626
625
625
625
624
624
624
624
624
624
624
623
623
623
623
622
622
622
622
622
622
622
622
621
621
621
621
621
621
620
620
620
620
619
619
619
619
618
618
618
618
618
617
617
617
617
617
616
616
616
616
616
616
615
615
615
615
615
614
614
614
614
614
614
613
613
613
613
612
612
611
611
611
611
611
611
611
611
611
610
610
610
610
610
610
609
609
609
609
609
608
608
608
608
608
607
607
606
606
606
605
605
605
605
605
605
605
604
604
604
604
603
603
602
602
602
602
602
601
601
601
601
601
601
601
601
601
600
600
600
599
599
599
599
598
598
597
597
597
597
597
596
596
596
595
595
595
594
594
594
594
594
594
593
593
592
592
592
592
591
591
590
590
590
590
590
589
589
589
589
588
588
588
587
587
587
587
586
586
586
586
586
586
585
585
585
585
584
584
584
584
583
583
583
583
583
583
583
582
582
582
581
581
581
580
580
580
580
579
579
578
578
577
576
576
576
576
576
575
575
575
575
574
574
574
573
573
573
572
571
570
570
570
570
570
569
569
569
569
568
568
567
567
567
567
567
567
566
566
566
566
566
565
565
565
565
564
564
564
563
563
563
562
562
562
562
560
560
560
559
559
558
558
558
558
558
557
557
556
556
556
555
555
555
555
555
555
554
554
554
554
553
553
553
553
552
552
552
552
552
552
552
552
551
550
550
550
550
550
550
550
550
549
549
549
549
548
547
547
547
547
546
546
546
545
545
545
545
545
545
544
544
544
544
544
544
544
544
543
543
543
542
542
542
541
541
541
541
540
540
539
539
539
539
539
538
538
537
537
537
537
537
536
536
536
535
535
535
535
534
534
533
533
532
532
532
532
531
531
531
531
530
530
530
530
530
530
529
529
528
527
527
526
524
524
524
524
524
523
522
522
522
522
521
521
521
521
521
520
520
520
519
519
519
519
519
518
518
518
517
517
517
517
517
516
516
516
515
515
515
514
514
513
513
513
512
512
511
511
510
510
510
510
510
510
509
509
508
508
508
508
507
506
506
505
505
505
504
504
504
504
504
503
502
501
501
500
499
499
498
498
496
496
496
496
495
495
494
493
493
492
492
491
491
490
490
490
489
489
488
488
488
488
487
487
487
487
486
486
486
485
485
485
485
485
485
484
484
484
484
484
484
484
483
483
483
483
483
483
483
483
482
482
482
481
481
481
480
480
480
479
479
479
479
478
478
478
478
478
477
477
476
475
475
474
474
473
473
473
473
473
472
472
471
471
470
469
468
468
467
467
467
466
466
466
466
465
465
464
464
464
464
464
463
463
463
462
462
462
462
462
462
461
461
460
460
459
459
459
458
458
458
458
457
457
456
456
456
456
456
456
456
455
455
455
455
454
454
454
453
453
452
452
452
451
451
451
451
451
450
450
450
449
449
448
448
448
448
448
447
447
446
446
444
443
443
443
443
442
442
442
442
442
441
441
441
441
440
440
440
440
439
439
438
437
437
436
436
436
436
436
436
435
435
435
434
434
433
433
433
432
432
431
431
430
430
429
429
429
429
429
428
428
427
426
426
424
424
424
422
421
421
421
421
421
420
420
420
420
420
419
418
418
418
418
418
418
417
417
416
415
415
415
415
415
414
413
413
413
413
412
412
412
412
412
412
411
411
411
410
410
410
409
407
407
407
406
406
405
405
405
405
405
405
405
404
404
403
403
403
403
402
402
401
401
401
401
400
400
399
397
397
395
395
394
394
393
393
393
392
392
392
392
392
391
391
391
390
390
390
390
390
389
389
389
389
388
388
388
388
387
387
387
387
387
385
385
385
384
384
384
384
384
383
382
381
381
381
381
381
380
380
380
380
380
380
380
380
379
378
378
378
378
377
377
377
376
376
376
376
376
376
376
373
373
373
372
372
371
369
369
368
367
366
366
366
366
365
365
364
364
364
363
362
362
362
361
361
361
361
361
360
360
360
360
360
360
358
358
358
357
357
357
356
356
356
356
355
354
354
354
354
354
353
353
352
351
351
351
351
350
349
349
349
349
349
348
348
348
347
347
346
346
345
344
344
344
344
344
342
341
341
340
340
340
340
340
340
340
340
340
339
339
339
339
338
337
337
337
337
337
336
336
335
335
334
334
333
333
333
332
331
331
329
328
327
327
327
326
326
326
326
326
326
325
324
324
324
323
323
322
320
319
316
316
315
315
312
311
310
309
309
308
306
306
304
304
304
303
303
303
302
302
301
300
299
298
298
297
297
296
295
294
292
292
291
291
290
290
290
289
287
286
286
285
284
284
284
282
282
282
281
281
280
280
280
279
279
276
276
275
274
274
274
273
273
273
272
270
269
269
268
267
266
266
265
264
264
262
262
261
260
260
260
259
258
258
258
258
256
256
256
256
255
254
254
251
250
250
250
249
249
248
247
247
245
244
243
243
242
242
241
241
241
240
237
234
232
232
232
231
230
228
227
225
224
224
224
221
219
219
218
218
218
216
216
216
215
215
215
215
215
215
212
212
211
210
209
208
208
207
205
205
201
198
198
197
195
195
195
193
193
192
191
190
190
188
188
186
185
185
185
184
183
183
183
182
181
181
180
178
178
178
178
178
177
176
176
174
174
171
171
170
167
167
167
166
165
164
163
163
160
159
157
157
156
156
155
155
154
153
152
151
148
147
146
145
145
144
142
142
139
139
138
136
136
136
135
135
134
133
133
133
133
131
130
128
128
128
128
127
127
127
124
123
123
123
123
123
119
116
114
113
113
112
110
104
104
103
96
95
91
89
89
88
88
87
86
86
80
80
80
80
79
78
75
72
67
67
58
57
52
45
43
36
31
21
1
0
0
0
