22465
17823
13579
12826
8535
7380
6973
6465
6091
6061
5603
5539
5406
4183
3923
3742
3606
3585
3356
3081
3066
2840
2810
2643
2525
2441
2361
2357
2328
2327
2188
2185
2172
2153
2004
1953
1848
1828
1817
1772
1686
1679
1664
1657
1641
1604
1596
1573
1554
1546
1534
1521
1506
1486
1485
1354
1340
1326
1306
1305
1292
1255
1167
1161
1154
1132
1112
1097
1095
1089
1051
1020
990
979
939
907
904
901
898
894
882
878
877
859
856
845
821
803
801
799
793
770
751
751
746
740
719
717
715
707
703
691
682
678
672
666
659
651
639
637
632
618
615
555
548
543
533
525
484
471
453
446
418
398
343
332
321
298
267
