45754
20850
15958
13206
12826
10308
10116
9852
9314
9308
8691
7803
7381
7226
7025
6861
6739
6540
6387
6246
5895
5880
5552
5452
5345
5326
5265
5179
5067
5038
4940
4918
4726
4683
4614
4560
4551
4177
4152
4149
4138
4124
3986
3967
3922
3922
3816
3778
3736
3728
3714
3646
3641
3612
3590
3572
3537
3482
3469
3425
3415
3405
3390
3358
3334
3321
3312
3291
3286
3272
3252
3252
3161
3129
3100
2917
2903
2895
2885
2826
2820
2797
2793
2762
2725
2687
2670
2666
2662
2661
2614
2570
2563
2542
2542
2534
2528
2524
2522
2500
2496
2454
2446
2387
2372
2370
2352
2312
2311
2308
2305
2288
2280
2265
2255
2241
2215
2208
2191
2128
2118
2112
2106
2104
2102
2063
2045
2025
2025
2023
2021
2002
1958
1931
1904
1895
1894
1893
1892
1882
1880
1864
1843
1826
1821
1815
1812
1801
1795
1795
1790
1787
1781
1778
1778
1760
1749
1740
1740
1734
1731
1726
1720
1710
1708
1688
1683
1676
1662
1659
1655
1641
1636
1626
1581
1581
1563
1561
1547
1547
1547
1541
1539
1538
1538
1529
1505
1504
1489
1474
1453
1441
1428
1427
1418
1400
1396
1371
1366
1362
1361
1357
1355
1347
1331
1330
1326
1319
1310
1303
1298
1297
1294
1276
1275
1274
1273
1271
1271
1255
1255
1236
1220
1220
1209
1200
1200
1187
1184
1176
1172
1172
1169
1162
1156
1144
1133
1117
1115
1099
1084
1081
1080
1076
1070
1061
1046
1043
1036
1029
1027
1026
1026
1014
1014
1003
997
989
984
963
962
961
958
956
951
937
934
932
927
919
912
911
906
904
903
900
894
880
874
871
865
864
856
851
850
843
832
825
821
799
793
789
786
772
768
768
759
750
742
735
734
720
716
694
692
692
687
685
680
673
670
667
663
659
658
656
647
642
639
629
622
617
616
613
613
611
605
602
600
585
579
577
575
575
568
557
555
545
544
534
532
531
530
518
516
511
498
498
498
495
490
490
486
485
483
471
465
464
460
453
439
433
428
424
414
401
396
383
381
357
354
352
352
343
306
302
293
267
250
214
206
140
