17618
11143
8615
7431
6061
4329
4272
3841
3839
3820
3556
3439
3401
3074
2852
2646
2643
2622
2617
2614
2604
2446
2438
2407
2240
2213
2163
2093
2077
2073
2028
1987
1980
1960
1878
1864
1843
1827
1704
1664
1615
1602
1513
1497
1380
1324
1320
1283
1283
1278
1276
1256
1248
1246
1245
1242
1212
1202
1172
1163
1135
1122
1121
1118
1108
1096
1091
1075
1070
1070
1054
1051
1026
1008
994
988
979
978
978
977
962
953
919
899
894
849
837
829
820
812
809
807
805
805
803
801
796
788
779
778
773
766
759
747
746
713
689
688
675
655
655
647
646
637
633
608
606
605
592
576
559
554
538
532
525
525
519
508
504
503
474
468
433
424
420
419
395
340
275
245
