27462
26021
24848
24655
23599
22959
21488
21152
19401
19032
18157
18090
17792
16295
16177
14186
14134
13685
13388
13150
12718
12196
11911
11878
11627
11434
11270
11143
11121
10379
10232
9605
9081
8720
8615
8498
8208
7855
7805
7693
7475
7393
7376
6973
6964
6855
6799
6796
6753
6715
6622
6554
6551
6515
6430
6359
6322
6305
6259
6258
6243
6147
6103
6086
5980
5862
5860
5823
5736
5606
5598
5580
5533
5485
5443
5403
5365
5301
5240
5232
5224
5117
5101
5099
5067
5053
4998
4975
4939
4926
4926
4924
4851
4843
4793
4768
4755
4698
4675
4562
4558
4554
4415
4401
4389
4380
4366
4366
4362
4351
4329
4320
4280
4272
4232
4189
4137
4123
4051
3965
3949
3908
3892
3879
3835
3833
3820
3811
3799
3741
3716
3710
3700
3683
3679
3667
3661
3659
3606
3598
3598
3577
3566
3564
3559
3539
3539
3521
3480
3462
3439
3431
3429
3415
3336
3329
3300
3293
3262
3236
3234
3213
3190
3175
3173
3172
3170
3155
3148
3087
3086
3081
3047
3044
3015
3006
3000
2988
2986
2977
2967
2964
2955
2952
2942
2932
2913
2884
2875
2863
2854
2850
2842
2827
2819
2813
2802
2769
2761
2752
2745
2745
2722
2707
2704
2703
2696
2687
2685
2681
2671
2670
2652
2646
2646
2640
2629
2622
2619
2617
2616
2614
2609
2602
2593
2585
2568
2566
2565
2565
2546
2516
2513
2502
2490
2482
2477
2477
2470
2466
2463
2453
2446
2440
2438
2432
2431
2409
2407
2403
2401
2397
2383
2378
2375
2367
2360
2357
2350
2348
2347
2343
2336
2329
2328
2321
2312
2285
2280
2273
2268
2267
2260
2257
2247
2237
2231
2231
2217
2213
2213
2212
2205
2201
2197
2195
2192
2188
2185
2181
2180
2176
2173
2163
2154
2152
2149
2146
2143
2138
2136
2136
2135
2135
2129
2128
2122
2122
2121
2115
2111
2108
2102
2100
2099
2090
2089
2079
2077
2073
2070
2068
2065
2054
2028
2028
2019
2016
2006
2004
2002
1999
1997
1995
1994
1987
1987
1987
1984
1983
1980
1978
1974
1971
1970
1962
1955
1954
1952
1946
1940
1939
1938
1933
1930
1927
1923
1922
1921
1915
1912
1902
1902
1895
1892
1888
1883
1874
1871
1869
1866
1864
1862
1861
1859
1857
1849
1848
1844
1839
1837
1830
1828
1820
1818
1816
1815
1807
1806
1806
1804
1800
1796
1793
1780
1765
1764
1761
1755
1755
1754
1749
1747
1745
1744
1740
1739
1734
1723
1721
1718
1714
1712
1705
1704
1701
1694
1689
1687
1685
1678
1675
1673
1664
1664
1663
1662
1659
1657
1652
1651
1646
1645
1634
1632
1628
1627
1627
1626
1620
1618
1617
1613
1613
1613
1610
1604
1603
1603
1602
1597
1592
1579
1577
1575
1572
1570
1567
1566
1565
1564
1563
1552
1552
1549
1546
1546
1544
1541
1536
1535
1533
1526
1524
1524
1522
1517
1514
1513
1511
1506
1502
1502
1502
1499
1499
1497
1497
1495
1489
1489
1488
1486
1484
1478
1478
1475
1473
1470
1470
1469
1468
1467
1467
1466
1466
1464
1462
1461
1460
1459
1453
1452
1446
1442
1442
1437
1436
1431
1429
1426
1425
1424
1423
1420
1415
1414
1411
1409
1408
1408
1407
1407
1404
1396
1390
1386
1380
1380
1373
1372
1368
1368
1367
1363
1359
1357
1355
1355
1352
1351
1351
1349
1349
1343
1342
1339
1338
1337
1335
1333
1332
1331
1329
1328
1326
1325
1325
1325
1322
1320
1320
1317
1313
1312
1309
1308
1306
1305
1304
1303
1303
1303
1301
1301
1301
1300
1298
1297
1292
1283
1283
1283
1282
1280
1276
1275
1273
1272
1272
1271
1270
1270
1266
1266
1264
1263
1262
1261
1261
1258
1256
1256
1252
1252
1248
1248
1248
1246
1246
1245
1244
1243
1242
1242
1237
1237
1236
1235
1235
1231
1230
1230
1230
1230
1229
1227
1226
1225
1225
1225
1225
1224
1218
1218
1216
1210
1210
1208
1206
1205
1202
1202
1200
1199
1198
1197
1196
1195
1194
1192
1192
1191
1190
1186
1184
1181
1181
1172
1170
1168
1168
1168
1163
1163
1162
1161
1160
1155
1155
1154
1154
1153
1147
1144
1142
1141
1138
1134
1132
1130
1129
1128
1125
1125
1122
1122
1121
1119
1118
1118
1118
1114
1111
1110
1109
1109
1108
1106
1104
1103
1103
1101
1100
1098
1098
1097
1097
1097
1096
1095
1093
1093
1092
1092
1091
1088
1086
1086
1085
1083
1082
1080
1080
1078
1078
1075
1075
1073
1073
1072
1071
1071
1070
1070
1069
1067
1066
1064
1064
1063
1062
1062
1058
1057
1057
1057
1053
1051
1051
1051
1051
1050
1048
1047
1045
1036
1036
1036
1035
1035
1035
1033
1033
1033
1030
1027
1027
1025
1025
1025
1024
1023
1021
1021
1019
1019
1017
1016
1015
1014
1013
1012
1012
1012
1010
1008
1007
1001
997
996
993
991
987
985
984
982
982
979
977
976
973
972
972
969
967
967
965
962
961
960
959
959
959
957
956
956
951
951
950
947
946
945
944
943
941
938
936
936
935
934
934
934
933
933
932
932
932
931
929
928
927
925
923
921
919
919
918
915
913
910
908
908
907
903
902
901
901
901
900
898
898
895
894
892
891
891
888
887
887
887
886
884
883
883
881
881
879
878
878
878
875
875
874
871
869
869
868
867
865
864
863
862
861
859
857
857
857
854
852
852
850
850
849
848
845
845
844
844
840
839
837
836
836
833
833
833
832
832
831
829
827
825
824
822
818
818
818
817
815
815
814
814
812
811
810
810
809
807
805
805
802
801
800
799
799
799
798
797
797
797
796
795
795
794
791
791
791
789
789
788
786
783
783
782
781
779
778
777
777
774
773
773
772
772
771
770
770
770
767
766
766
766
765
764
764
760
759
759
759
758
758
758
757
757
757
755
753
752
750
750
749
749
749
748
748
747
746
745
744
743
739
737
737
735
733
733
728
725
724
724
723
723
723
722
722
721
720
720
718
718
717
717
715
714
713
713
712
712
712
711
711
708
708
706
705
705
704
704
703
700
700
700
700
699
697
697
697
697
696
696
696
696
695
694
693
692
692
691
691
690
689
688
688
687
687
684
683
682
682
679
676
675
673
672
672
671
671
670
669
669
669
667
666
666
665
665
664
662
662
661
661
660
659
659
658
656
656
655
654
654
654
654
653
653
653
651
651
650
650
650
649
649
649
648
648
647
647
646
646
644
643
642
642
642
641
640
638
637
637
637
637
636
634
634
633
633
633
632
632
632
632
631
631
630
630
628
628
628
626
622
622
621
621
621
621
620
620
620
618
617
617
616
616
616
615
615
614
614
613
613
612
612
612
611
611
611
610
609
609
608
608
607
607
607
606
606
605
605
604
604
604
604
603
601
601
601
600
600
600
600
600
598
598
597
597
597
597
596
595
595
595
595
594
593
592
592
592
591
590
590
589
589
589
589
588
587
587
587
587
586
585
585
583
582
582
581
579
578
578
576
576
576
576
576
575
575
574
573
573
572
572
571
571
570
570
570
570
569
569
567
565
565
565
562
561
560
559
558
558
558
558
558
557
557
557
555
555
555
553
553
552
552
551
551
551
551
551
550
550
550
549
549
548
547
545
544
544
544
542
541
540
538
537
537
535
535
535
535
535
534
533
533
533
533
533
532
530
529
528
528
527
526
526
526
525
524
524
524
521
519
518
516
516
515
515
515
514
512
511
510
510
509
508
507
506
505
504
503
502
502
501
500
500
500
498
498
497
497
496
495
495
494
494
491
490
490
490
490
489
487
485
484
484
481
481
481
480
480
480
478
477
473
472
470
467
466
465
464
462
462
462
461
457
456
454
454
452
452
451
450
449
447
447
447
445
445
444
444
442
442
442
441
441
441
439
439
438
438
438
436
436
435
434
434
434
433
433
432
432
432
429
429
427
424
424
423
420
420
420
419
419
419
418
418
418
416
415
414
414
413
413
411
410
407
405
404
400
400
397
397
396
395
395
394
392
392
390
390
389
387
387
387
386
386
384
380
380
380
378
377
374
374
373
371
371
371
370
369
369
368
367
367
363
363
363
363
362
361
360
360
360
359
358
356
354
354
351
345
344
344
344
343
343
342
341
340
339
339
333
332
332
332
331
331
329
326
325
324
324
323
323
323
323
319
319
318
317
313
312
311
307
304
304
298
298
298
297
296
296
294
293
291
291
288
288
288
286
285
285
280
279
278
276
275
275
275
274
269
268
267
266
264
261
260
258
254
254
254
251
250
249
247
247
246
246
246
244
232
229
229
225
224
224
219
215
210
202
198
197
197
196
196
195
191
188
186
183
182
181
181
181
177
176
174
174
171
169
167
165
158
157
155
155
154
153
152
149
148
145
145
145
144
142
141
138
138
128
126
119
114
114
110
100
94
94
86
64
