24252
21026
19247
15016
14545
13579
12662
12525
10919
10434
9921
9564
9298
8896
8705
8509
8501
8463
8356
7913
7604
7226
6906
6799
6642
6521
6432
6091
5904
5895
5879
5875
5761
5597
5326
5217
5191
5172
5119
5110
4974
4872
4666
4579
4547
4310
4214
4074
3930
3835
3788
3763
3727
3624
3596
3589
3539
3528
3473
3459
3455
3350
3329
3286
3240
3212
3181
3172
3125
3123
3114
3047
3039
3005
2993
2965
2884
2826
2704
2687
2672
2670
2619
2584
2478
2426
2414
2398
2343
2309
2285
2282
2268
2261
2260
2259
2257
2213
2210
2181
2164
2142
2116
2106
2095
2073
2069
2042
2040
1977
1958
1945
1936
1933
1930
1923
1912
1907
1892
1870
1857
1851
1842
1830
1818
1779
1729
1712
1676
1644
1632
1628
1597
1591
1541
1514
1507
1497
1493
1469
1433
1412
1362
1358
1315
1301
1255
1220
1208
1184
1147
1140
1118
1112
1105
1050
1003
996
986
984
965
937
936
934
888
884
880
833
833
824
820
814
811
799
797
795
765
751
707
661
660
646
641
638
631
628
622
620
616
546
545
531
490
481
479
478
462
440
420
387
376
370
351
348
323
306
286
94
