14134
9921
9564
8908
6799
6679
5827
5536
5500
5119
4963
4893
4666
4581
4086
3983
3811
3404
3248
3172
2630
2587
2464
2402
2181
1880
1798
1624
1492
1489
1368
1337
1330
1315
1301
1287
1258
1191
1084
1078
965
919
913
910
905
893
866
854
845
828
822
815
814
813
802
801
781
777
776
774
773
773
771
770
769
760
758
756
756
754
754
753
751
751
747
746
746
742
742
741
740
739
739
738
737
736
735
735
733
732
730
730
730
730
728
723
722
721
721
720
719
718
717
717
716
716
716
716
716
714
714
713
712
711
711
710
710
710
709
709
708
707
707
706
705
704
704
704
704
703
703
702
701
701
700
700
699
697
697
697
695
694
693
691
691
689
688
688
688
687
687
687
686
685
684
684
682
681
681
680
680
679
679
679
679
677
677
676
676
675
675
672
671
671
671
671
670
670
670
669
669
669
669
669
668
666
666
666
665
665
664
664
664
664
664
663
662
661
660
660
659
659
659
659
658
658
657
657
656
655
655
655
654
654
654
653
653
653
653
653
652
652
652
652
651
651
651
650
650
650
650
649
649
649
648
648
648
648
648
647
647
646
646
646
645
645
644
644
644
644
643
643
643
643
643
643
642
642
642
642
642
642
641
641
641
641
640
640
640
640
640
640
640
639
639
639
638
638
638
638
638
637
637
637
637
636
636
636
636
636
636
635
635
635
635
635
634
634
634
633
633
633
633
633
632
632
632
632
631
631
631
630
630
629
629
629
629
629
628
628
628
627
627
627
627
627
626
626
626
626
626
625
625
625
625
624
624
624
624
623
623
623
623
622
622
622
622
622
622
621
621
621
621
621
621
620
620
620
620
620
620
619
619
619
619
618
618
618
618
618
618
618
618
618
617
617
617
617
617
616
616
616
616
616
616
615
615
615
615
615
615
615
614
614
614
613
613
613
613
613
613
612
612
612
612
612
612
612
612
612
612
612
612
612
612
612
611
611
611
610
609
609
609
608
608
608
608
608
608
608
608
608
608
608
608
607
607
607
607
607
607
607
606
606
606
606
606
606
605
605
605
605
605
605
605
605
605
605
605
604
604
604
604
603
602
602
602
601
601
601
601
601
600
600
600
600
600
600
600
600
599
599
599
599
598
598
597
597
597
596
596
596
596
596
596
595
594
594
594
593
593
592
592
592
592
591
591
591
590
590
590
589
589
588
588
586
585
584
583
583
582
582
582
581
581
581
579
579
578
578
577
577
576
575
575
573
572
572
571
570
569
569
569
569
566
565
563
562
554
552
536
536
533
530
528
527
527
527
524
521
519
519
512
505
497
496
481
480
479
477
475
453
429
426
418
414
343
302
210
200
199
99
